179.579999863 143.409406193
151.629393335 130.185586559
75.8104934059 69.2250788912
184.870552977 136.082201702
75.1462343735 76.0053291765
100.160753294 127.255125116
167.910639366 116.138833301
156.472232108 173.877248963
128.532888843 52.5050567857
38.9287851827 122.897340817
33.5841458977 107.792431516
113.499436592 126.981448062
67.0431650602 104.878865242
114.641634026 142.982525943
120.685844264 169.160612021
82.8005348554 188.554815387
167.814268855 41.7630835056
92.8004184453 22.6327417183
103.198134357 102.975872725
127.958367796 80.5485291265
87.0725086124 186.972302322
31.4938332713 58.9783825822
184.811484028 168.954775768
153.724802542 134.888204172
152.254176258 111.50358985
197.129162173 129.5793592
168.706619901 153.768183195
125.001347172 86.3254206335
51.1977477343 144.827172875
87.1022551865 155.049358584
50.6653015648 47.4357568737
89.3411820105 183.475048667
52.8538297729 152.205023082
120.015146351 106.68005624
26.0152398573 156.404043884
107.054286292 129.11069827
37.6296138447 141.578172255
203.392205924 84.7443165679
55.4870027431 116.691628627
109.993365386 157.295650166
48.2878447826 81.8388320925
155.180660678 129.195925429
166.256001201 65.8717927245
31.7950298048 74.9311776151
107.440746087 50.1999484498
186.919065534 47.9587647189
162.64851132 194.116477266
186.8253719 173.754268244
108.552209063 190.922060154
151.879186415 55.0726266277
174.747952618 68.2206698473
126.020987409 93.1847766443
101.583080959 79.3277457698
131.207530242 89.3720530783
156.333252068 182.848380137
34.848088855 53.9475714797
119.325332487 192.536785192
118.294812425 34.022348717
146.256266012 121.718341806
94.5012958605 101.308351397
150.854980905 29.3662371581
100.176026584 79.330865178
172.399682092 117.645053028
83.0664031048 33.3347082104
125.050851001 86.1882744924
74.9496698433 56.1911953577
126.643176635 50.0814564603
40.8435527589 139.955492997
43.9426240114 142.574835378
73.8724890748 205.044073421
122.84217892 146.001553249
147.371217675 108.665063519
72.3047970334 148.167832918
40.378094244 136.188669562
58.8477803108 76.1430504354
180.386171284 128.152321379
105.723375005 179.193883931
60.1616288111 133.859615266
134.96989656 61.8663652047
96.0251996853 154.753311588
137.856869775 16.7119213124
73.0315492025 50.1215327075
191.022466178 131.430702961
173.315540425 193.180773598
173.728386342 102.128872543
115.527572937 84.1328065885
73.1934372681 29.9909769176
204.877524685 85.8318566316
49.8370048846 163.3367539
152.491356389 19.653230971
95.048032826 205.915195089
90.7910811038 38.7846671791
30.2281439919 128.161271816
94.3797145882 57.6306486591
49.676650406 184.285793135
122.655137338 63.5950828381
162.368485702 111.56000681
112.237908452 26.6039120393
187.323702968 170.573269276
208.879334071 92.9997166601
109.926272285 91.8604874872
124.515664329 142.367024972
174.556315574 84.6660006364
97.8478211866 81.266608193
51.3834257871 110.217218459
37.8788194681 43.1105871138
44.636575121 84.6433356228
203.966328423 133.089041043
139.58717083 144.078262039
189.473069937 109.059608626
187.163714132 124.066895237
86.8344476755 22.1924945288
146.84037858 83.2293011364
66.2966143072 37.9541519272
77.3178726595 81.6217656236
100.084915829 118.858676881
120.601578192 11.0106503012
152.592023675 138.551975502
131.244240539 70.5586837868
146.76150638 122.326249894
96.6172568716 45.911683439
62.9358232032 28.3113648864
50.564268907 125.4694143
76.0226542224 158.229569492
157.242563278 144.828607296
85.5483732483 204.651033523
205.585204731 86.2024745927
155.63923952 81.0435940627
108.416046227 123.850135509
169.56417761 157.51647754
128.99699773 173.660636053
176.277484717 154.649231335
72.0199283497 160.146561004
175.145031271 107.510318711
77.891374106 81.3716642278
108.356995379 94.4767864531
32.3967365336 89.796347772
58.7705704759 199.685777846
138.459513219 65.0696291025
136.016759934 64.1139185485
100.65668678 141.785827002
163.733851856 160.130874728
140.671174036 199.916918544
41.793102459 152.36050057
97.7634746946 104.531005959
86.5410210146 211.762386467
64.2169009248 125.28910787
82.1900580938 64.2002986058
151.661280199 63.0050496078
106.02093319 92.2054332632
52.6888129707 126.188626519
68.2936009251 46.5406053933
44.7145684789 55.8994089091
114.331892536 18.3459327596
196.398981952 145.647399441
167.740645902 74.1954164835
39.5209290154 64.0333834406
53.3049137495 161.007166246
141.718435495 52.3475177324
67.0653438788 67.5970152405
88.8825900234 189.230555499
120.189426516 143.214506388
183.47152979 48.0466255055
122.775845354 87.1879675782
207.387435978 113.970973107
173.781288822 118.414355822
111.481902266 167.003032416
100.797102154 114.758082711
192.994456612 172.188332238
92.9446031345 56.6612198115
151.07444978 131.28865796
109.505011454 196.103705103
118.259741321 174.271933882
200.94335874 113.728095263
91.0711474893 79.8729756093
162.318543922 56.4552380965
31.7335386338 151.9605162
127.449866291 62.8272560132
171.849910618 54.0497295351
103.756540891 29.5677259098
94.4862886653 66.534898652
153.684998335 170.201412246
55.9542535233 101.335733846
106.310992824 121.116984089
110.58595394 198.955390946
164.318082607 40.987787886
100.657522071 146.014575728
128.908619967 26.8669153242
134.42317877 208.139677103
154.045999925 117.316778956
51.8276786312 167.298357033
170.043519558 175.482218867
170.69338502 180.228935741
43.2700152681 39.9842927727
130.139317541 54.2269200648
131.824674521 62.9644607532
113.963863064 45.4449754276
17.1107410176 135.490957396
110.718649387 54.8648612962
89.5266797682 154.124619819
143.447885018 50.3288638741
118.487127931 39.5834984012
196.445410235 104.135649679
156.237106745 100.339170427
109.525035248 108.174345184
104.564184372 35.3511958695
75.2554222966 141.534065681
71.2423641591 67.4091432889
63.1593189114 48.9216728128
133.394904896 28.8371426168
106.404963465 201.646172868
129.415891136 109.537589239
158.981961366 134.960620363
38.013549566 163.703919038
53.1094121603 43.3896194008
126.218172498 113.929966455
108.207383381 80.3031542941
200.757290112 155.791285939
85.94055329 92.5945344257
87.2993793414 86.2252376198
90.1824815366 37.772485214
125.564569334 169.562746377
66.5305020707 30.2695886819
122.157773363 125.853511069
116.059367452 70.3190045812
194.931499474 136.694681346
209.990623693 88.1224730559
113.69174416 110.867958458
88.3032265187 26.1884732272
96.4519391185 136.396468048
85.0521514214 195.737032923
17.9986212918 150.64849094
83.7879070428 104.924406873
202.484116747 141.115831357
41.2782932864 59.0224209012
72.9484115637 31.1148680592
97.3775431586 103.404496781
197.078353416 111.442737846
83.4260314175 153.152369708
107.972778696 21.1291781127
39.8736137077 61.6203775717
128.44928657 138.527597055
101.698805683 178.770288401
166.645319128 39.2028412919
44.4333596006 159.728774248
171.788450131 162.087385942
149.427762108 199.553996403
82.7892682729 20.1074281003
128.528187594 154.139668717
126.291179805 198.192466529
79.4669228605 20.1809943932
169.37924124 121.965681286
21.3361048155 116.179861382
191.996281705 85.6145016573
94.9304107868 145.84443756
67.0731359663 203.21891724
47.4207292787 137.578094651
31.8068796497 101.138359582
56.5796885585 153.800229269
135.294187029 115.489397703
135.797295249 155.306218643
104.625926928 45.3215154263
139.050638407 95.9127975467
75.2052111745 149.540839715
122.877074112 169.482006069
202.070133623 149.02834107
106.305100544 172.242312572
103.218965549 173.16109198
76.3773719639 165.586957975
95.5945640135 163.657845307
67.2933918936 83.262998264
10.4377870192 120.224029501
20.577118286 117.346579031
154.983942047 44.2999779815
159.6181838 51.0746864169
203.863066968 93.1264490858
75.2363895595 36.4278836372
76.8390116462 183.475427227
96.8594411452 24.90181224
93.7813694714 94.4229490379
149.089957245 44.7726331199
161.917812159 137.656952419
44.8227706479 55.434773981
155.882195975 28.6614178101
146.643602529 188.502411738
122.497174041 65.016287676
142.626259802 89.5510804683
44.7303176588 173.078634594
137.543550748 26.9924528786
74.5516227939 117.250247102
199.696692168 117.800481908
34.1676239221 46.4916844969
153.742621035 137.824350599
62.6277713325 34.542649956
133.207040905 47.6797025037
35.0281262912 59.6827568579
139.202530057 198.804797398
150.212555952 20.8483424503
142.761288697 72.9600799671
113.703864197 71.2590495434
199.451480424 79.4829001172
166.448429272 155.141686677
14.0467359087 92.9288852127
72.5715013989 201.291520839
94.3068105984 141.157258793
84.7587277837 197.182592361
48.4723945261 110.019812636
133.191715241 58.0701419797
79.3242356634 51.7929057767
161.863639127 177.66663368
63.2805558346 127.3395442
73.1632156674 145.402251748
190.570317611 165.994596651
16.012944597 142.056688978
142.681600783 88.1460066276
133.357121009 161.860139238
97.8880483626 211.91383439
73.4900952585 126.23817535
64.543575491 39.3642421348
185.837828357 162.957421559
97.1559817 196.871730401
103.511412737 115.006743966
102.049956743 36.816467198
157.080025234 137.694616879
87.9887958464 182.286337088
31.5880113794 57.5660860616
175.751673537 147.170766261
129.786089558 167.22517707
140.268209676 67.7523580399
102.073107822 190.466265244
123.382265264 39.3474085993
101.002484931 21.4307324659
119.672752184 172.907620036
157.159511069 95.7633107167
125.548308787 206.367649137
125.701643438 198.796435637
42.476024068 160.233191123
193.03561935 92.4544229506
32.8821502012 59.5220967009
61.8839937992 189.430231555
186.440474622 113.941543877
44.7862497434 60.4942847587
153.142494792 149.993743573
183.862820572 131.243371846
105.017084818 185.730970012
55.2357950922 140.474070981
129.470674539 65.7586684074
69.5051122302 30.1366791359
91.0170284121 130.152037604
104.746637012 17.345328872
74.9267878927 65.1181516947
153.344597613 123.99516587
165.097441234 115.974238479
153.996845976 114.123999364
39.7547407596 166.17484189
122.505331871 145.302089426
127.148393596 15.1834116848
85.3148583862 88.7517973793
12.005307788 105.145179881
76.4346173888 145.389740971
70.1639102047 111.463424327
55.8549676335 53.0183985366
68.6386716738 116.2316169
23.9113616612 153.795257388
172.212659701 190.611950081
88.4524130721 76.3397231287
121.149874491 98.2288313428
57.3313876379 155.441421588
49.7063956857 120.345466734
189.223357671 95.7776075018
78.8066852729 205.181132372
128.922536875 34.3686151194
98.3360604687 101.835689189
30.8180593553 137.625645171
93.0120626606 129.604241949
170.787308811 140.03305699
184.623492053 76.0735129377
92.8591555272 39.9274429102
152.875343876 179.764386468
133.738501651 47.3530873088
164.757884995 159.592001116
90.2604044606 162.985085756
165.837003453 79.6542173209
103.996929972 110.267491579
86.5124506245 23.5132375102
86.9903872148 200.123598619
105.155314113 20.1002257128
210.429117578 101.384110324
176.049162056 187.869495345
23.4952971238 62.996299613
96.0811755359 206.248011268
47.5444720525 131.674791305
57.2054899913 102.166037058
10.4266494475 121.812288513
157.768498777 132.691755125
104.859299716 37.6354020621
98.187824894 105.670881054
80.5049977389 17.3682560251
37.0785365374 108.069281735
137.371033301 129.748546335
62.8967225472 118.447902813
44.4726566073 108.428291794
178.630678219 41.8362187021
140.284343925 34.0499001885
124.21792923 57.0727440262
182.194336419 179.797514571
140.66381988 24.384124975
122.721852332 207.830398776
158.248895899 113.472817905
173.443059518 64.056620062
124.758504835 82.4380704596
194.221372826 134.333932729
140.328499055 134.455435246
86.9430167621 43.374032536
105.330830385 142.647674357
41.0584771338 122.015552928
97.5142362358 161.878677211
187.868035805 84.6582343602
127.829709438 158.944032026
137.611924651 72.5880954925
99.724503679 124.696980851
75.1693987615 119.14562606
62.8829480718 38.5477510385
72.7056502969 57.0100603612
198.969106641 70.21584253
154.945715053 111.989558376
44.27105528 171.303888023
58.7158395822 36.8506664967
64.9087818279 188.250262593
147.691344468 194.754976801
87.7056188032 210.952310195
100.548024192 167.669001698
138.656553102 172.968442858
136.148518633 75.0741806014
57.5478707556 56.8613171329
168.258937638 35.2447968242
83.5381022781 72.1851415991
181.115127092 88.6885064509
178.974303134 157.09018319
110.475002626 104.559603018
128.8877437 211.249097971
109.984247112 28.9985197635
51.155088373 49.9885929329
109.436106629 74.6240883699
141.606388032 100.146114948
77.6835085062 53.3164728978
60.2938542022 32.8963886616
152.242743835 88.4242201163
38.0979748803 130.089924278
18.2275859814 116.276550292
128.054675606 97.6581793959
107.377790289 96.9673375024
116.261713508 160.757341405
70.7877056694 66.0334591187
178.844817264 177.007476327
52.9594883994 183.780297995
101.507375731 105.082640061
130.577883218 67.0088094337
188.286690253 139.830495077
94.2905653749 181.661277391
65.2932158539 125.342984154
141.164129583 180.010849757
131.322447128 83.1776721046
87.1626155551 57.0378449582
66.1971782998 21.8289121621
107.532525308 90.8083467469
28.5691353323 116.038319849
165.884003576 30.8752550494
142.118671058 84.8987846985
74.8359274363 133.8127898
121.798675976 199.739646467
101.503061706 144.091908275
47.0905157573 133.0996026
108.210273136 130.241049702
149.37309334 143.070040447
41.73140472 143.312910585
114.743723488 122.560064593
123.913032744 68.17920925
19.95658452 135.166223284
192.213571178 80.5658685494
146.587081619 100.821349119
119.838857895 116.888766872
88.6287886872 26.136042515
93.5001638074 206.267788959
122.300007002 120.157370687
122.855808784 107.568751523
94.8643730272 14.5654864518
164.934430432 37.4613487681
51.276724 188.015036195
93.7519105787 81.551816785
122.710636439 86.0433484305
105.653201235 78.0023737343
135.019190975 19.8318202468
87.4773975088 83.4814551052
208.10417741 118.507012513
189.018874688 105.171260296
115.932903528 37.7152652216
161.476282356 52.1814534167
161.990245026 156.047942635
42.121224154 160.199569591
