46.0362507437 111.054454226
179.734421651 137.902048385
201.445241984 72.909816352
170.440358229 193.02469319
149.848722202 109.609371887
140.670171139 23.6400760347
38.7529883994 50.1083952749
142.725488053 124.101652393
69.6770792878 96.9657668904
101.061564658 164.635603954
101.492938379 23.1457392784
105.944315435 181.837002878
68.4731892193 48.2429737046
92.383858527 33.0649488485
173.778383395 98.4600243316
71.9009754004 122.187824069
141.687310059 33.3165215109
28.3609890691 129.099790724
126.527960313 122.270785807
183.546038205 84.911114225
55.4838248502 157.646942391
132.828404089 211.130490849
115.126188297 195.075174137
98.3104632061 89.1622695835
17.5578062194 138.198192603
152.8689634 175.629698825
169.282999473 27.5819583879
189.105956827 116.200222944
188.116283721 138.19933602
126.777601377 41.6996718724
163.897572408 109.215657851
182.049188179 72.4929924347
21.7992396916 144.294078099
131.022657081 90.5818063356
38.9171392727 139.481019173
15.3933587512 122.359099967
183.83803635 182.294293606
78.0402011263 26.4517893884
127.478496255 77.4301433559
108.853511436 198.915347256
83.1536061212 188.794080581
51.3233041209 140.853078119
181.56385351 108.428541804
131.536905763 29.2573938942
19.7638746016 151.776788916
52.1981218875 125.047260311
121.497880731 77.0558965037
130.145782371 127.931686759
172.041208799 106.204085008
29.9919393827 60.8329756283
63.1640997418 24.8853903248
45.5680945514 97.1183733523
155.192074109 170.12396252
56.1506734836 34.4638056052
179.615701401 188.520873123
27.4864195334 132.217908606
132.474788496 185.640707745
96.2190517379 42.414838715
112.070143277 192.830272499
126.201583228 82.7952119259
108.49788603 34.1977512402
133.352426156 75.3380343823
140.063534832 133.022293978
93.3063600984 31.618645596
170.4018746 94.3158920706
179.495297082 140.983659597
32.2789230863 60.1728531291
101.034563203 98.5083811769
49.5259443096 70.3582264056
113.303746512 11.3537540633
28.6643438018 130.713104384
147.791529128 191.872159593
103.366573376 61.7301075265
184.050234131 185.283985729
155.544131184 103.848381379
106.323930918 60.5781646743
81.7825525361 191.44710727
187.678070003 140.142074117
61.523490666 118.590061231
63.1352500313 114.061258725
138.964899163 136.179952553
18.0315769179 87.8214290566
76.5221048706 91.4109983326
90.7643292096 193.9231458
159.331250262 101.752172413
137.938221397 76.4930337779
182.464607771 94.3414482976
80.8271424599 60.4148977523
30.2882229801 131.088146026
73.1939464247 204.506448845
177.44310778 142.262898446
150.110242188 142.145980018
207.618966652 82.4623956704
140.372635954 201.857216781
38.8845997335 181.84923319
81.4252700405 207.090991566
23.1691194688 151.350271539
88.454209144 165.910583253
148.727877045 117.216720824
185.152643477 150.85690509
93.9704579491 52.1635162878
129.093320509 190.636232966
181.257720755 168.435709334
136.900024689 147.84907851
27.1489484169 113.129771023
56.0803068198 37.5215708286
56.0539200277 71.2110420205
184.610699769 98.1635268946
66.2673512431 78.103183783
73.6592533331 166.547233718
93.6494205179 189.753998774
64.377769847 92.4202363599
161.691058598 122.907063066
11.3969854801 99.8018116933
62.6173029048 126.651122446
28.5837944038 63.3202721863
74.1193474163 163.109234075
182.983469437 186.490440972
163.349845822 111.284920756
75.1309784851 191.660917743
89.0213484092 165.315320365
29.1562549978 158.629322677
117.735352818 159.059950796
107.051543716 168.185532596
159.391998125 108.636032183
36.5283428297 119.657997185
174.434237851 53.5745769566
107.636228025 73.471146811
156.323303059 140.662357267
146.136228329 71.445494703
166.844059672 46.5003194109
142.361213091 133.495849261
46.9536424443 144.43820259
134.19047789 191.204215054
21.4543050207 91.4120818425
154.308688792 191.066370891
65.1412628949 165.181182742
40.3301049663 141.537530599
80.9570121486 147.238017548
62.2992400727 72.8795246288
100.858242929 31.9515113131
205.479082439 74.1467063715
212.554675668 113.874770722
56.4805216287 40.7928481383
130.209277868 87.2138690409
72.2302475509 161.745443849
176.784422358 40.0768435526
146.822872097 89.5776258395
129.923952677 203.662864311
34.8331715413 74.0865811514
110.229102073 129.378248993
183.537582332 156.187626487
122.816022282 31.7385788798
74.392002331 42.0249775799
51.8732644286 168.259396616
176.528046249 144.480797959
168.836231293 177.269010023
68.1798021335 96.2881183779
207.04287244 121.006231235
89.674526852 185.386183264
110.674119255 88.9831386499
96.7268714506 175.692862262
113.416595086 200.878378045
44.1765198848 183.314145978
209.191507111 79.0900510405
60.4063559473 37.4613588753
74.5608831999 92.1102907918
92.5978517763 48.4836407324
22.3709491891 129.455640455
147.894448464 109.418806156
200.607766833 132.98290206
150.254040371 78.9119555588
78.803932152 115.741664071
208.035398674 93.1646980437
25.611593962 118.483414528
79.2784638204 166.332291475
69.0542957795 85.225643713
44.78317967 164.040374252
182.211481303 112.163837483
92.1835573589 53.985031361
82.5672064173 36.9852709524
26.943695376 146.609739975
176.907881106 118.744750758
75.2510264411 126.915314232
127.03147067 116.543961236
211.208456427 123.408876083
171.563922257 77.6162735504
157.594447728 152.414023763
69.4530222651 193.439010996
170.741803698 28.3626323879
52.4378566527 62.3146061422
198.768568603 129.482844888
103.445561846 210.075100283
149.083796893 53.0224368651
20.7182158407 72.1870097859
97.7880695242 106.18163268
30.0872646234 171.334419117
181.384468845 96.2975847463
50.9383795598 74.9916332117
81.3941300306 144.495294878
67.1810471887 110.421454297
119.267650389 90.9669532441
48.1951289373 101.289490406
51.1441028654 166.905808098
169.520161285 42.4931360634
124.779972648 135.778020008
77.00125296 68.1178396909
122.509427493 136.015289365
65.4708958836 158.236108509
97.6245405856 160.409078801
145.360479451 109.329477981
60.5816884147 176.227349998
159.43689788 109.721801989
171.774089646 95.3855623893
118.773657475 174.817554318
158.470219039 200.865822796
138.983833837 176.315952359
172.872507165 144.306480236
159.130836408 45.2562343747
109.458161161 184.01672582
141.4189872 187.932682871
68.8391528595 43.9835358554
183.262656673 126.837839149
114.23580337 130.616561914
29.3366979705 124.717886994
114.214147804 189.138419201
170.560081647 121.779009649
102.677339699 67.8854441858
139.063708105 152.224772826
82.6522341822 207.515712427
30.5422748691 102.396397721
68.5918001389 182.976046202
61.9112758046 137.992620938
133.012268987 76.9983792826
96.6801775897 189.005735984
29.7915975753 78.2640022133
90.5434894036 173.560263632
117.678917892 98.6494448033
153.792368187 63.2330435955
179.60328099 45.3543001764
38.589573193 93.0314753176
92.0441964804 112.593738817
81.0481204797 21.8110959917
185.303744581 107.780278461
76.306967736 135.810493786
118.924138786 19.6075036903
145.457381288 48.0765747471
49.2422714358 160.617750707
191.572268194 67.4359390185
204.858005181 126.483987821
166.159640982 101.08935573
93.5032455152 34.8344688263
209.091050524 80.2284826704
170.326964369 66.6300565507
42.7557554345 120.288632124
180.967558581 52.7869077848
155.511762987 30.4134506033
121.370134137 185.393551902
119.560667688 156.523796376
122.185697382 73.8211273428
77.376898781 58.5938769395
91.6563328175 164.281500752
79.3717791495 27.510862115
135.051952664 95.1408431787
109.097304777 169.167345095
138.236984065 42.697335271
21.6401072535 149.375534174
114.105960738 91.6397636537
80.7298512492 45.6509960998
99.0287315052 129.702643876
170.282294789 109.337713549
58.9734841587 129.228660498
130.060057184 69.7925646708
122.722286749 77.9072752066
17.080211118 117.441907127
195.709118526 79.0578947496
57.1034941175 134.319304159
154.652508343 189.581009849
125.866071931 195.895020389
144.807154464 190.740860438
175.123909498 134.551474124
186.14468992 77.5163954968
16.4589731451 101.308634497
181.96642684 160.611617834
124.73888745 77.571689428
171.842969502 33.9804726518
191.544430966 155.981824067
81.3401144549 97.7490411096
19.2732057184 132.031616386
121.377165555 39.5803639498
140.837894147 23.7794076903
189.948703388 140.944952747
162.114668332 113.063198489
135.889737321 201.328287158
190.21415751 114.048522494
166.45208767 75.2459770534
148.4495304 163.953240594
195.417023114 159.429139236
124.822626734 58.8967745244
22.2144805891 99.6566623429
86.4936132973 154.421047206
188.199669659 88.8084526773
186.457172256 106.950552939
139.238098235 75.5192599703
160.811747416 183.049112133
112.708851427 157.981706082
136.338407594 38.5420987372
103.014084481 116.92478162
87.0001426943 61.5142085462
199.386139291 91.442488151
158.447238967 32.110226202
133.926955493 195.363342266
120.172686881 182.082015484
99.2821383418 180.716337037
128.463279559 130.807473027
193.819263974 108.223917866
73.288141456 109.268992835
139.939567939 195.765562021
97.7339983774 190.62993858
138.870542228 82.3303544674
204.547579554 68.2691656694
179.774515851 106.552533945
82.5353314391 20.0617833096
78.0151751906 75.5684090637
205.005500765 153.195331932
123.856613009 130.247666435
196.352098357 118.613506503
142.436535126 47.1568602351
98.7563376122 100.854234822
90.6075164654 144.041870355
106.379221878 43.7245023536
158.803816087 89.4521653315
106.06228142 194.482953885
197.724318727 77.3174973304
74.0975459413 134.896181482
94.7079985585 89.4302893701
37.2489133031 70.3586634106
190.622190315 48.2720511832
117.828200007 28.352117032
73.8551394 94.2406035034
90.6850012353 196.036137139
152.538832853 43.2978127886
65.1935704582 175.91272482
61.6656539854 181.651553824
176.155452563 41.9361394164
131.984082773 55.7392487237
97.5522865045 47.7285662238
185.130753917 94.2042756922
196.979350158 73.3837940973
162.036181778 39.1327252691
114.097810565 59.6746174134
108.020215639 45.3215909436
58.007621212 156.679516355
125.65705009 152.100316811
111.819749479 14.9456743253
108.009471024 174.815259614
97.299931471 204.937849775
103.15307369 24.5517715062
37.9086686009 48.0620169694
137.649445269 178.911439696
140.485378621 181.54757277
53.1686078037 157.258613589
86.3075102678 90.8906236592
128.416097461 87.4430004557
60.6234518362 137.361144529
86.3921959655 48.9689565376
45.1351837586 181.651579623
48.1635456723 39.936340768
158.491136553 105.206619024
79.1632746519 193.792613282
139.247844745 25.8636354378
136.115046 147.47182787
32.8599257475 54.6614161882
163.988144973 174.925802167
122.310972393 202.446787703
114.336986193 54.5960545311
53.6176855789 108.114293155
104.182280971 50.318773756
51.0747438907 78.5442596584
173.993241449 141.734721442
60.4662342333 86.7986691954
85.4873769783 16.074642361
102.051004888 130.516352283
146.874867962 104.581746752
34.6327359398 97.8293050524
45.9193565396 46.7182113864
138.537955666 112.844836115
48.0923886417 138.35901761
58.9260418787 131.583063774
68.9821158115 93.431856199
92.3688158697 104.491053203
170.809771296 155.568400782
164.114490515 200.168984002
162.756184209 189.804399049
171.804283844 69.851933234
202.129488647 81.1365121078
186.436197977 105.169089204
124.73352455 147.582894944
135.253729874 152.815299227
163.574382726 88.5277860644
50.6146633685 190.873435933
106.069432066 127.724520716
103.889460134 158.873380569
122.442570853 53.5067236893
173.732793924 138.46658333
100.07896659 171.418097806
153.677535845 174.85288665
158.052508556 59.9831776094
120.460907046 214.637720891
127.178510008 134.415614487
172.669758311 160.627359046
131.613229973 159.409485478
149.163153007 193.76573885
173.401802615 53.6334813639
111.975340375 208.66814166
181.229013957 103.762362099
107.714215116 95.0188116958
159.743322321 34.549227041
200.02605708 148.586726569
83.3221717174 68.2871042791
73.773142664 161.102771378
94.1072167741 142.762802451
48.9967412949 172.09898041
180.823353459 38.6775476577
55.7020510363 140.05169243
92.3953821435 154.127811924
92.8227291041 90.8413264854
109.009678636 85.6856834515
185.137891482 178.560871934
156.465165679 69.392055741
69.6983651869 117.250201217
147.275936671 85.3740569261
203.730578924 154.624637779
81.6020402704 50.5171011016
157.408979831 87.1862714399
122.821586003 55.8921067986
168.714293945 114.725140277
205.07866355 125.583128632
141.224116484 129.391185384
54.3793751339 167.351222586
186.430155274 145.451415209
206.049825629 81.754696412
137.044539482 16.3297347713
99.2899450776 164.817029333
65.4120603988 85.1764131144
159.638254589 174.806968918
49.8854962397 140.487888711
64.4655604932 151.74115009
146.956472434 75.4263885309
94.939707895 68.6875254639
96.8182440793 102.674448875
87.0594120152 179.477698108
99.1344757379 84.5859963047
159.515065949 133.436290848
65.5774417557 104.228497869
157.692499801 98.8630809066
92.6094882481 49.9421431241
68.724056792 25.3409858134
22.8250047278 161.673749829
28.9166554391 86.8459831239
72.973651799 152.102515881
158.917093788 38.5674612206
45.9645423492 85.2348769022
134.895708137 33.484161284
51.6456553981 130.62063028
162.650044056 29.159675852
90.3203706493 142.9809934
163.256439483 79.3399404475
86.6174408907 65.2760027473
155.52814539 145.624336984
50.9574070651 47.821594141
157.818199824 154.74330109
43.7062117302 158.99115814
51.95314918 167.817582664
65.0618198629 36.0482773523
41.370906527 183.437396957
48.7975090327 116.00183491
62.8287599217 163.074005909
193.735242415 50.8974467931
150.170305343 120.478240727
175.059265922 57.692773269
146.601695874 115.921828204
85.7165973147 151.087694374
131.058103654 126.858433956
128.898807821 156.553721827
102.15851673 71.2718092908
125.166063525 40.6222928358
125.293222565 131.891225775
140.498013882 27.627178307
69.061271313 25.5222257697
60.5256792102 85.4624230114
165.354391104 156.432900687
34.1014907392 99.4607866711
126.388154855 193.880221549
90.3095566368 171.958125723
163.322535762 112.978601488
175.12470158 163.104271906
38.268634154 105.695028095
207.246194854 143.895321943
52.1135440501 90.2896460006
157.622436113 35.3793491325
110.734551123 70.9936565858
83.7511288601 126.58630083
73.736182721 45.4521409335
165.379147994 85.6575518963
75.5495531025 127.566428385
131.497216959 85.9818006923
136.068547261 198.43149823
127.262261493 142.703122097
104.719259923 207.066112274
207.580275845 150.411233548
149.326712518 47.9364400304
104.641924804 53.0015698034
99.8297867847 140.138481831
157.925659781 36.2090198781
22.4027978549 107.685013191
103.184350161 56.0829956051
202.965849251 68.3634861644
98.3537633094 157.45837157
131.467479655 190.293616917
26.6130824469 110.872427779
121.162921882 55.0421957507
148.758360658 122.479171926
91.2755442898 199.529841921
172.436014726 55.4621276404
96.6188814002 125.732799651
31.2611655694 55.6399329033
82.5965960095 73.5998344761
22.4971506883 88.2044376895
46.2842158462 59.7591178171
147.570323788 190.974612513
90.0317674151 189.500127168
23.1764329593 108.631597688
104.591561849 101.488094843
136.305420332 62.952270381
113.321275587 167.458453128
81.0364502184 59.7268687004
78.2299009915 43.7270902793
194.66776115 121.997166528
171.671890744 72.9333342151
185.072240554 159.909915658
171.715133538 151.39648287
171.676374833 156.03627908
203.067579083 91.584768964
180.235165152 88.2643458885
83.2767324827 153.054973462
158.509864709 109.101111236
57.0151387351 66.3964066935
65.7954686696 156.053206173
140.648909423 159.846744692
142.518938079 161.265879522
171.238959871 193.291077349
60.1569125748 130.325586453
123.521933521 81.0193682185
101.121458792 56.9577600216
56.678705522 47.4644247815
175.044244951 75.3909383896
90.3676340376 120.833856215
195.915975011 92.7532286021
174.048394034 94.8851912817
16.3100303285 81.6105646831
107.143221156 37.1121664831
105.521077079 18.0731586558
58.9617458405 152.185369465
75.4851730875 63.0848070227
187.820092593 168.572953616
25.0945896493 99.5520195055
114.073845764 22.9319677729
35.1245911875 154.107680793
135.874111608 98.0808327242
204.419974172 101.953321597
107.692618306 90.2248101274
70.5301642166 134.374377919
190.632263462 134.715835752
124.356087341 105.25677577
119.909957725 199.356668525
189.125904663 71.3026081566
189.254132162 123.055103213
82.9340069961 64.5269030901
28.4620062669 93.5313005243
56.9582947158 170.104659763
139.976080423 156.830094971
177.623982542 54.8790273655
60.9733771406 60.7764312991
140.745795262 123.150468399
97.0013221167 111.862785971
170.137860577 43.2125653221
60.2098931417 150.146166868
193.170291209 64.6997034455
155.364906402 35.2429671913
183.711855697 88.7126189581
163.693381494 123.242822748
209.218444106 93.7675019413
65.0294695234 89.1915416026
124.841242074 111.955919002
100.306287183 172.415963059
59.1341304421 179.398017126
177.66235788 168.374788166
187.70521986 48.177225926
41.1964855668 179.296636246
192.472880442 124.060034838
110.570508706 169.926114312
128.441201233 67.6621386195
137.908560844 77.4207471268
129.610595309 189.552850901
98.981337365 150.271903051
104.668901223 201.44112891
178.083403143 72.586434655
183.762755921 56.9787080497
121.744187682 79.2161108216
41.5501683319 123.12520108
184.811480295 80.9329436765
85.0450649438 14.5501966102
179.707245381 145.084260704
38.1503502178 127.750099169
103.748725062 123.055011382
112.821046325 202.864221275
175.27324865 91.2637010696
140.7277193 19.224302315
138.352517733 43.3375301399
40.2134765295 93.4027558988
70.5055700088 196.868660666
148.452902334 101.50129571
109.087701382 174.282417894
128.141700653 139.126859049
89.3429378956 193.49866582
75.747201621 77.5288170542
69.1443834356 23.2272540952
92.3716081753 34.2140461112
91.9673352274 209.366531769
63.8518841872 112.22507708
110.408562899 21.4733038052
136.496233735 204.52044578
160.180426141 106.650140031
82.9246594764 155.746742404
105.65086291 140.66407425
201.569111408 88.6185985601
173.653070174 32.9436675093
48.0379057637 74.567629419
147.183507174 48.9092944447
51.6268369581 124.929740639
24.1580530007 86.4715624939
40.9997910351 123.446585174
161.240257685 156.908134396
84.7489929264 204.162559343
97.5773123737 133.596357053
21.6486557417 71.5301419329
29.9905607287 81.4704622419
181.124097486 140.013777817
165.707292821 52.1193961577
143.447096646 80.7890387917
100.372914374 142.377658907
95.9464738311 114.080539519
189.036830128 106.370247377
65.0815048776 41.6591889308
83.0417297801 56.0049376057
193.248950397 52.5578994916
159.467553099 65.1182112578
35.7023855039 123.583751249
19.0459046561 95.2615887174
62.0898814176 37.11335407
33.8495924386 145.259798759
167.125422732 146.530142655
187.231366767 47.3758123135
74.1514089286 148.817925084
119.562780565 155.792045358
32.9814732949 70.1293633254
191.99418409 60.8320339901
121.183470467 176.002252719
167.587911052 58.3921651936
124.620253845 170.540743631
123.159348811 22.9694430667
77.9123777084 57.9771347729
127.91425601 110.953370198
105.055823771 129.111397938
59.3092706433 29.2545521074
66.8893666445 57.6800654288
59.6131042828 118.952059048
87.205757136 139.651144986
29.2498287275 137.074412505
77.4841672112 141.662393218
159.553257692 22.8360802611
62.2607944543 37.4776106445
174.826404161 159.216387503
126.616528916 106.329760252
194.632285765 70.9827056712
41.846851905 99.1460449061
29.6158381683 137.170788125
31.379203631 134.219525754
140.963353463 54.1412520438
147.848373704 127.072534594
106.886867505 34.1285609668
76.1992314984 187.998195644
123.05547346 184.535586016
87.5354325819 108.601361796
178.774507575 85.273121689
113.674261373 194.757092923
168.759241163 188.782904354
86.7265687818 202.118147506
116.723295598 47.3530791599
24.9460856253 63.1768332652
83.3773152428 184.841591784
76.9340071887 46.1678479898
110.419586242 139.045207056
30.81687854 167.092612542
78.9122896234 89.8829607463
155.433745604 70.6910958972
51.032877686 132.384659225
156.184018418 137.675605981
161.808361013 121.674867309
85.7330973319 151.508451085
60.4244573694 91.2000000111
112.581658719 87.6130450017
153.854378165 64.9785317351
33.963901774 69.8286219287
97.3300645333 164.188345488
95.6210087496 131.857117159
158.520681275 57.6758479555
163.525788379 170.794196278
115.276736619 110.35953145
211.269533301 93.5531821028
45.9904995668 145.533415042
189.856879205 125.900083581
140.274999706 76.1054467024
86.7425551158 108.485876323
183.928570915 154.335767026
161.982596853 94.2434288339
192.940473307 80.6795404697
150.384642089 130.458364335
116.985420841 200.572081219
124.667353602 154.049311679
189.990870794 78.9233696507
105.263505097 57.0105645639
105.143410409 176.041078646
189.294153117 90.9607142957
38.6653550308 140.347914231
175.390713811 61.8928916531
61.194404029 185.890048401
168.065924506 75.8950029136
64.7234640516 152.903809415
126.94096401 12.9156478791
46.7905327646 37.215655839
64.9678445778 55.2823871732
175.655323405 58.4669389307
140.923842661 110.452803001
63.4382358413 192.864741631
160.816114663 66.8493021244
15.1526534007 90.6407734381
89.0132760317 75.2969581342
75.159382517 198.350762893
136.103609224 76.4367604964
144.346654407 130.391868071
73.2679205275 97.2086092656
26.8394060516 137.325276395
36.9541799372 157.207776469
74.3863307112 82.1897790934
161.792361866 135.839809554
43.1017710323 153.334391146
87.480298261 122.144289599
68.4769779031 205.184105244
136.522696746 196.442481921
137.105397465 109.040119516
107.376301943 83.1785437954
115.831302254 55.5964052837
109.062382299 174.462670842
19.4702889416 140.507306516
101.589442156 57.9044325151
186.01850538 45.0925980328
176.826295856 156.753667731
35.3293346032 149.843791074
100.239938493 154.344027506
41.681194941 160.708494809
44.9174893305 54.3888131614
73.2504491555 53.5947691136
91.4689118866 76.2179181721
45.5917190526 145.638658844
180.946739954 148.163463529
58.2321543378 127.437886043
123.362247771 62.0756072454
189.601974649 180.340626837
123.057001705 108.391874084
135.134302127 80.358055791
157.660604092 111.57611659
193.798699537 151.805327201
176.68924165 36.8933420963
35.5807757775 144.181804975
158.786021275 203.323974436
110.858376963 81.9213144168
164.890886536 58.6467850302
39.8452843693 53.7209943026
116.311619811 124.431482593
79.854419305 79.8324333694
121.730555007 71.166303911
99.0493909385 165.433220417
171.309550352 120.771061614
94.6908642968 32.8370353001
73.5848976264 205.618440489
149.441501531 81.822691054
112.771917314 162.852624716
141.485311091 115.940732365
205.455333095 106.854532672
123.573283164 138.930122183
163.270794779 71.2664566059
169.195338149 114.853741597
77.7249318375 88.3556750663
75.6100484324 134.876741395
135.88522489 117.069764606
136.610472954 174.740415637
113.037690814 45.1462340499
137.957663147 153.323186421
68.6049628645 125.053071119
153.751316483 22.7591886613
22.7480025545 127.127248888
40.5989125236 138.369514162
93.0304624565 191.042862316
163.156780541 117.927084342
103.556630938 122.635485681
32.280442766 166.145141193
106.174989356 48.3611839693
56.6430023339 154.721166471
123.799417742 118.475235358
204.522819293 115.263789409
32.3725816404 65.750137221
16.8560938535 118.582015607
16.4491787082 133.882650495
96.315884522 100.600985153
99.1846496598 91.4136772823
150.372795489 175.230730146
35.6668731586 102.153440984
28.0852346264 129.313124512
167.799964296 176.44231202
163.670844162 123.733004248
23.9065183229 83.6034068085
129.903099348 181.820125454
114.954142829 140.828767623
31.2655001098 163.097726464
35.2212892157 132.033995066
23.1109676291 147.327848537
137.620228834 150.399391833
142.753361519 72.6805351038
150.04939945 156.740542856
188.664419554 170.957503051
135.841197513 50.5452599448
178.097505151 44.1608104993
146.766488408 69.772684344
77.5196105929 166.860930131
145.45016166 180.60955914
202.276652654 160.874727883
47.9084218601 143.260939244
109.104064281 186.833526271
94.4338763765 67.9702670826
201.446763852 85.6491807366
130.272582029 192.770185887
19.1035447791 153.659027496
176.618990864 44.9811992591
181.199625822 161.066044411
58.3875013457 44.1294587361
28.0526869672 144.755696546
120.90548598 97.9722047169
156.443009351 76.7334593957
101.916033556 182.550593173
64.0335604723 202.614149633
40.5117871753 107.644996369
75.8741300348 120.305595147
171.294015392 75.7057220622
164.014388562 156.329618268
114.677522877 75.5517886369
128.186671983 53.3812269022
175.450981405 190.202765996
141.763707398 132.60464376
169.777673088 150.09403369
170.553883515 38.2390506836
175.522563398 134.053558079
21.8391818409 100.854737286
79.1827835692 39.1156302358
197.854543873 75.9472669415
105.576567167 198.310759818
57.1112883904 31.9227578392
62.9978840002 52.5551931298
91.6533084729 114.541406143
73.719380285 76.3492703128
131.76980033 95.2190515137
69.6164580262 95.0265280105
81.5682773023 29.3006045328
139.953987137 113.360360728
73.5703919091 177.907333385
167.304382921 123.00947233
179.948646175 114.838456374
76.2354287275 199.752919456
151.630672332 83.4269820379
72.7270277464 54.2812795818
91.1865054392 123.783883707
144.724696355 148.183593732
163.841945179 31.1442150245
147.89716121 96.1874671116
118.946735514 132.618521363
163.617130251 143.12057491
163.621671039 186.63229133
189.552368994 57.5461191503
123.508646306 211.943980805
