52.7252659881 43.0319231941
125.736409365 13.2197876833
186.159994168 69.9448243072
38.4357951397 74.6301213187
177.615167159 167.783142844
170.102842958 97.7995044084
96.994636206 200.978079127
194.033119714 59.9308928091
69.6592905526 20.4738351905
35.7664962587 163.587581297
179.715410276 175.288964352
124.606035939 116.938100658
170.747681035 74.7323026643
98.5778574554 150.943491816
204.428006352 89.0598169021
95.4294128808 149.426779606
103.048456441 83.6151387675
90.5100400599 110.122817052
82.165005874 36.0610242484
54.6035995966 145.174150921
14.7002983784 94.510402935
53.3217652035 100.476929171
129.811741319 137.507074776
121.993987663 176.60102854
116.768510761 51.7309587646
181.983299563 188.015757706
197.156198311 126.36663615
83.4327959862 193.269590184
198.798336967 107.146141287
137.660390768 189.726048982
63.5777060087 89.8698929124
190.83889199 151.619708387
161.532543268 90.833252661
143.044576496 99.9907504386
140.267066158 120.538124634
96.4386582312 102.280024928
46.1975824468 107.6669416
18.4481666682 141.476025032
85.6889414821 63.3215741146
143.951678564 39.9518777754
105.102956877 141.67289692
183.639983418 168.639983317
205.493512714 94.2677360246
164.525820721 50.2374714904
33.5370189519 177.238082914
138.746058815 36.7512485051
182.708021602 184.504099253
35.188988517 107.308399614
49.3104549664 42.9742626926
181.976151134 92.9576995289
85.7873936408 205.337738869
194.140776466 104.866035409
39.2420673647 150.687717372
136.538536929 202.454678184
178.204737155 107.355073555
72.9905126556 187.379815285
25.0354482389 114.741059958
133.823414464 164.635417837
129.29306822 133.926396459
185.190310543 57.2842938091
156.961439216 165.591558218
44.9827439438 36.7831936377
141.911187631 127.775776575
125.89294757 75.9154031743
105.529098456 29.8470343835
89.0428231816 78.4994418606
14.7119437187 140.19623645
188.519633769 81.2509994536
206.143357729 134.980471171
84.0678098789 207.147246559
106.176857432 125.63512841
98.3527410597 35.1899402252
94.3980314878 68.0580311186
206.922872943 149.9762194
138.450039628 193.650991379
99.0574438692 113.27664227
164.929924422 77.1960570284
161.866326127 85.3955925686
80.949059571 103.779869369
49.530636539 77.7127069158
136.777760586 75.4921890441
192.270923399 120.32460458
12.312692731 97.2790417983
84.6353552213 175.664263195
150.452288802 83.4078725123
180.649133875 140.311514846
68.3460423564 111.217136823
199.432167205 137.357776729
105.041733262 178.767607869
178.317432549 105.349499138
73.8400074418 156.357292562
43.1293504142 110.709826865
29.2966361104 116.359244148
161.150677442 68.4236417858
124.890272323 203.117357667
200.124990652 159.438501917
71.9016969108 98.9863997697
191.006577105 91.3947321408
187.798092588 178.916711095
91.258696398 116.650480482
20.3675443523 95.4680241081
113.807128771 164.91401216
179.379285493 99.8016691172
175.055862151 67.2379520379
171.712150511 119.620701042
146.074286492 200.846932473
99.7269066391 197.157256578
47.5377954313 166.646312745
204.859257537 123.970405312
26.8193063738 70.7958097671
131.58176132 211.09390408
180.525945989 71.4049893624
105.824757971 108.765382915
79.0397542772 191.51384447
183.649482767 87.5545292948
132.663826795 76.1459925481
100.802277623 74.6729262188
62.2637077382 170.890765409
162.358254951 131.000449979
135.304005681 154.901827334
147.913625101 151.591586344
69.5358631333 115.030664653
112.090429204 41.6867676351
211.576023853 114.423974974
54.9757969666 29.7432674493
152.956547018 61.2507009732
26.8392841173 164.328978504
211.670956263 131.711064785
152.076635519 145.323009556
83.6850077533 52.9957102117
154.721425648 37.53664772
155.721166587 191.207463236
61.6142121191 59.8574127272
121.554823672 83.5236606436
192.390576465 98.2556193081
119.133981779 140.967996583
47.2962570912 164.556963676
122.562510529 197.311468295
189.256977654 162.744980067
148.316490344 98.7847420816
171.2303417 71.4915878108
34.2295762356 119.370093128
57.6024362141 181.027473776
129.857744525 124.960011944
88.0981445623 89.5446573218
141.741057161 209.614864483
190.551675755 145.680572183
98.6658404997 28.8205163076
151.720198959 81.2781505616
75.129299646 175.004152854
186.299394202 112.890684438
94.0871945993 35.4623798573
181.047507026 179.488510874
84.1370428704 163.701276222
104.946817202 41.7906916902
135.240416699 54.8154149277
42.3276665558 118.55439271
197.023302834 128.549109795
64.7291873645 199.192278461
25.1807907891 85.1619185752
65.2680144926 165.092128917
195.009286601 119.777869716
88.1452748308 115.840582424
187.021178901 44.927764594
125.767802013 40.35350621
79.6070302623 205.786911009
71.6994854562 75.0117050711
121.134136101 191.228928335
88.2813746413 72.8619553319
53.741114466 62.4949443766
62.0071712846 100.743254036
75.7461956981 171.11097986
89.7877336009 143.111011848
31.8716310087 63.8828090865
133.166291666 165.155337855
189.806155744 134.900880702
100.127643025 155.900957378
166.903059308 190.465095671
171.914040378 153.011897204
96.7697780277 133.499579742
13.0603436871 122.328356686
156.152106365 70.6279255851
180.042438475 62.6422620171
193.475187126 55.188214639
75.3945855802 111.94156477
50.1134103143 51.2069853506
136.123174504 194.037847862
83.7022964388 48.8109386945
45.8702372103 173.040500165
147.331625659 21.1759093416
156.197188869 153.559783873
44.3225380962 186.871091904
51.7282588054 100.63025746
172.19255013 147.76942233
182.756212772 68.7956477482
110.543841523 210.116387632
52.040282519 160.370232334
160.885858024 137.989139955
130.721547238 204.101655251
51.5701643286 120.313703913
100.78528901 142.020847183
79.9799723939 98.6648355562
16.9355080867 91.7066743835
143.804432223 165.530226067
125.844449113 110.571604022
46.6418364423 145.934431956
121.852247783 122.259042802
139.489314471 32.8845872214
92.0608952999 92.5473196066
161.675616013 35.5477896541
177.017908833 130.094810676
96.085846399 123.741423257
157.788533802 45.7996675368
50.8744961702 85.3414924996
35.2514067565 158.416941312
34.8490917969 165.600847229
55.3163046344 144.00237853
70.7785837699 55.618363476
72.4383197754 115.918250834
23.4494447048 159.333914388
122.811932257 35.8670951641
168.332971782 85.958692673
172.28002603 195.149570111
166.984429743 76.059294371
104.00164404 204.059452169
93.2359270774 19.6268172844
74.1764888571 89.5258758158
137.441964237 86.2784930172
87.7815880556 135.645658139
187.210977652 105.922820129
129.896887419 100.224642338
81.9910548316 52.2596757591
46.7686761396 50.130619924
106.507676224 205.240190104
147.786980844 172.144995055
146.236979605 105.333303349
72.7616527355 63.8325648709
22.4676451403 112.328318089
93.1231457713 83.1258317043
180.142147293 61.2950573177
158.760695761 74.7169905879
156.90188163 56.4591908302
51.7338171251 108.876515624
147.02677176 124.473809573
35.0571870288 178.541592843
150.485933538 126.269789666
138.491471104 56.7272106191
124.183639611 183.927247044
201.349544425 156.184316151
50.5346577286 174.097145513
150.74953035 105.286747282
40.1373466065 174.876284497
182.286325481 69.5202273732
101.797848472 18.0765712381
157.07641165 101.670670216
89.115671375 21.4537112314
88.199355735 116.779467639
77.9729913889 94.1476119494
47.8453251947 110.282440076
93.6968396236 174.68402783
174.542829806 107.30265123
19.7629003428 82.7498707974
100.690606587 160.261016956
127.267955681 101.446420753
99.7865090421 202.646840677
187.489287548 168.191567895
158.795916077 130.189676643
107.346953106 199.081432986
47.9472760884 54.8208403677
124.79340227 145.36365761
138.923307529 182.069972685
174.230351013 70.5463426055
81.6529111128 145.847119914
188.992769979 73.8609865758
49.415362547 96.8253905167
62.3786125715 148.878985849
139.300267717 40.5188972054
118.704491045 79.6404363245
51.5754288692 119.455065426
75.5683455865 206.84331665
189.342433252 46.5164819869
74.7964355671 134.016716093
97.9635806571 208.254006981
53.8961333421 108.418230843
34.5487021119 127.989577454
163.197102085 46.3530207067
157.105396158 201.168181799
185.0840269 45.277520233
171.118905703 137.987096255
152.219396034 76.5412026969
142.183113324 153.095133454
55.1961797749 193.860716493
131.728515389 37.7930679908
130.91998063 130.756921172
106.547805156 88.0040104073
132.50341836 69.8619090215
179.929981449 93.3627446752
59.2897236515 95.5426662339
128.017442732 169.725965511
72.9429949388 59.4878976319
122.442971563 183.288260215
81.2933971779 170.563339826
60.0218214967 109.39792821
55.9516101483 96.8356841942
157.400613783 85.6854137435
138.416036222 80.0079181434
88.6270659158 36.6074209652
180.076743102 128.755675437
115.203481861 179.752441247
47.1450078339 49.1553968724
97.5907914804 28.3432381129
64.9663785202 85.7863384616
92.4647485335 125.33119504
66.7269133779 37.7000040773
35.6570811214 72.5568623401
147.765094266 186.20286292
193.027938753 163.498137559
61.2590477947 25.9726565864
136.658622584 40.0021349831
108.698129671 110.550479465
79.8640052832 24.9968336433
108.929207607 153.928917694
123.984113636 91.848488048
76.7967048834 67.2419089767
94.0209081923 121.205887674
151.112349642 198.35666948
195.000586519 118.739700115
165.240352577 194.65300488
110.840662385 41.190135193
58.2223629167 197.188803297
74.3366708122 118.821446798
133.261882512 88.9472507665
155.561769898 147.948253924
137.39041258 22.5192952283
56.7952449785 51.3208928431
84.5209767477 45.7996722692
41.1435919726 180.234217136
65.5237399335 194.172627317
48.2144282635 161.968276084
125.827861071 166.080786793
164.132690675 50.4452587405
119.984257013 105.563461429
76.2041837713 26.5530382995
200.584820459 89.8087649133
180.347104431 157.338154841
73.9672914903 152.587133461
98.7132957036 204.967444845
142.624797883 74.7852193147
100.278990728 178.014584132
165.953164153 39.8711062515
129.268765318 89.9785560156
22.793744907 140.496253549
103.72185745 26.7590528592
82.8974002512 42.2930053079
155.080360812 100.177057449
124.528248985 137.928958204
124.156700533 101.687434867
104.156222822 43.4233327871
146.914090687 131.450132788
64.8454132466 88.8171938978
213.96346412 112.007843114
167.930799759 33.0421004405
114.00008903 18.1097886148
72.9648260342 110.275138467
132.734550579 107.710572272
74.3492025244 104.660156636
108.843536227 133.573757068
138.689177508 131.279181761
104.309722858 54.501886196
189.098160033 52.695137303
126.652133902 120.468765669
45.6206670302 178.111161912
89.1702127353 182.660279737
152.645996602 43.8725141798
53.4861608006 68.1932065249
79.0050576584 128.274993139
177.371834623 34.4642380303
18.1947587436 140.744929383
81.8706706279 161.042433132
64.8551180962 67.5845116681
145.722505598 67.5825655177
160.464578308 40.3012055876
66.4972739584 115.347533128
104.918238137 128.104211696
46.8770406909 164.932101702
116.177716755 192.822542561
15.2550884368 126.319991039
30.9259138965 126.159016404
95.4150027094 172.249919139
85.5461874826 18.7045998884
141.084124388 18.3898593603
195.445533721 153.820700718
62.2429887827 26.517592708
40.614630791 148.050738241
68.0880245446 144.040710812
195.287530753 97.8296639807
84.2316215526 148.716527205
152.272999534 71.1605623604
23.8743343004 155.811906349
132.196129876 135.251227028
134.798842039 94.5666045245
154.387332879 171.503697526
59.7917190561 114.842992381
42.1591969456 186.111798197
136.879764269 158.76060263
179.547198986 53.1045921156
136.774155653 164.411068875
71.9095273409 90.7880493698
75.8777362712 41.8333340163
61.9876052258 193.621894627
146.385224763 202.586085577
84.9121962107 91.4218961771
116.658828159 99.0113657826
57.9731059902 71.4082928194
143.962827972 100.365698004
33.6640015559 173.780438921
75.9935550475 196.946564404
87.7775907187 85.9943746083
145.061270076 142.252750649
24.365563071 130.564495295
161.03046428 63.4110832807
116.712012459 89.6324566544
82.9707069564 126.958032015
68.3505703354 42.5181412091
86.2693360993 142.293927227
165.816074661 116.307780466
39.226920396 175.600332055
43.3700994117 172.843532628
147.893072134 168.340222281
185.321514472 136.950655782
90.2946415344 187.480093563
35.2241706197 54.7762509959
62.9316605591 52.2768757183
210.280846096 97.8431990986
45.4803080021 63.8108884148
151.681630309 205.263905674
109.76555704 89.121140905
167.085522941 191.379245847
99.3231439158 95.0244707402
112.128192419 194.555747607
163.230428947 168.941477929
138.052634265 167.314920145
158.62506404 165.959410436
128.071575257 70.8580936675
144.674121331 181.439449565
189.877829018 160.805880214
108.955409414 172.820560151
28.3872041169 122.717442981
51.5938268288 190.801246715
136.450970523 75.7845151354
78.2511087402 133.47121088
100.189222166 179.991440966
90.7830561585 13.0738763279
58.8535891138 166.423090917
118.591807651 42.9579459676
182.494674765 55.6899341718
140.616039903 81.5778793043
105.378744087 194.750265338
114.019673213 145.494410354
30.5037556954 69.081294338
50.1253154282 135.809136291
177.678762099 121.542430829
131.964243563 56.8255527673
183.68198161 166.04685365
185.776328609 154.831808949
168.992214006 75.2556056905
65.361746429 29.0907123666
100.171673737 205.516049941
20.4149184961 97.401289936
125.111085251 141.920405128
82.5062511532 192.491834569
47.6544181225 81.4911697544
15.9819551273 141.648985322
168.767702778 63.6773395477
173.979794788 48.9129304841
55.5605503812 30.3786341982
160.549658177 29.1318169669
184.750229478 129.621058054
65.2287230909 81.8286780934
113.434276661 156.466109038
34.5924852038 168.765171332
112.170739611 86.4156139619
122.359419518 110.639739453
199.427285802 96.8035219894
128.379708023 157.814826584
92.7400722964 24.4408960443
50.7077640426 56.9993373063
74.8555460016 156.892961357
183.259653 128.930038727
193.010032911 116.136814075
83.2722379965 166.720012841
211.68518978 103.486915007
171.159712021 153.545350326
76.7836840176 45.6868182507
122.20803392 139.82303871
122.489890155 160.841337024
148.702458036 17.9699932848
87.6060172375 184.961962065
177.483518381 184.17277406
151.815875793 51.6296515502
110.336927606 66.6473621071
80.560537932 25.015922882
198.750388592 130.778356377
70.1834162401 54.6776793179
149.593877922 24.2844141304
136.25892199 158.36315982
85.6821738853 197.645511839
82.3868394997 95.9150504233
180.780278965 43.3264500495
134.289776813 51.4913797333
161.43181259 66.1318196321
43.2992834958 78.3744129676
208.698243597 106.870119978
153.334222279 56.3174044105
121.839401923 174.77094049
47.8321739819 136.450945909
37.9038511939 91.1051458355
186.7660356 46.6879068034
93.5045141968 80.1288654049
88.6035415348 32.5160840587
76.1250901199 55.030828068
151.927743797 50.8763706197
124.616831589 205.432519317
200.548215576 63.2875048364
82.4189267445 209.609434305
95.0098787872 174.902542163
76.8077477 51.3074406771
171.542401836 63.871278904
172.456352512 190.597298057
143.550469446 174.728539918
108.443473133 141.853231244
196.691538342 95.3881283385
16.896330101 125.539351585
145.86945705 208.125474503
136.062910602 26.3381563974
65.7670893397 30.503795844
99.474556469 168.203042946
199.662626436 77.0801806994
124.369782107 155.6298786
27.6304527333 78.6915061517
180.454468848 89.1434902448
134.495393344 183.324642428
123.715628713 198.21010441
59.1824971633 169.766950723
175.587378817 59.8395333909
94.6161392661 59.4419429029
145.694886341 92.1164638899
153.054492243 177.131571808
61.0563071214 126.636153938
199.904982075 117.192180248
47.1212023816 39.6247663063
143.28370304 125.42925028
110.319360773 81.7762847438
34.9369372037 106.180520787
171.005279572 37.9849141484
117.852439814 163.675384869
21.927251644 148.972631002
115.940363802 102.013514066
70.2902159245 153.969083111
23.4827133566 104.403103131
48.8355544465 123.632687822
138.095162961 62.2397593635
23.5421289042 64.3637741349
174.323935085 95.7777974703
114.992259713 208.701343424
10.9372099481 110.94891244
141.84202075 183.984305951
138.624152036 106.286319482
71.4116842163 95.6792218007
150.634050627 107.528498178
80.3699158622 162.185139895
32.4154180118 78.9023044493
92.3805980346 203.206414308
78.6989728996 130.891484553
83.7534085715 184.700332703
171.248306701 43.0502083444
117.107446329 73.7559883879
84.8271461319 172.981183814
68.4349741753 138.401957143
33.7959920125 135.121497927
184.917269152 102.02572322
156.912423458 145.820993617
127.976072385 17.3036431114
122.469699865 204.226871218
178.723148872 166.151287959
133.616125161 128.450156371
66.6493873678 136.129030066
170.542284627 65.4897471952
45.823473765 102.517066567
67.8922325321 196.093280072
26.4826841565 160.254736653
132.480978118 107.556501806
64.2490724687 99.6532218404
189.805371182 109.04643255
162.674980011 111.17294714
35.7943094939 107.911508129
68.9052431275 104.031736329
199.748950491 104.561512939
65.5425675654 96.9912865323
191.468409782 146.102222215
75.0246407071 114.752577371
149.836087762 95.6194408366
67.5553186949 136.419836834
25.9513004965 119.01318243
27.8543273878 131.656702721
175.429531356 46.4572574551
42.3089939201 91.587115705
36.2844746113 126.774525662
41.803660552 103.11812071
211.908915696 121.845605573
31.3187027767 55.004837383
177.948936749 117.641416826
97.0849842478 124.252158993
37.4879125927 101.564532718
147.406801911 79.9287735695
185.682982177 139.05014401
146.268906051 171.446591073
121.832833218 106.058964575
195.26101067 72.668525575
45.6523215324 129.044666541
66.8448004465 189.341893054
134.093762493 122.662620423
108.598736685 66.3539750408
101.936130323 138.393944586
47.7319501121 191.451232229
22.3162093193 134.272562864
76.3128790734 16.6915395446
121.194034868 43.2554127325
184.258666845 118.140334882
175.763675796 68.1534264517
106.710896408 30.8589345517
174.829239825 45.2412437875
134.040953225 70.5303499958
175.99142556 54.7716715271
50.0739442211 137.646266366
175.808007161 140.307407454
48.486498344 185.108406467
136.152338001 210.181922103
88.3168131159 176.868480544
99.8988886294 84.4395600911
103.814339114 43.1180723897
15.7316707364 141.764397384
89.6084708016 56.1753366644
121.615607111 175.146551489
16.3085046666 142.249620442
62.1717974064 46.7379395824
47.5966254101 75.2515280133
74.1201236473 77.8430335412
106.848090611 78.9962182998
96.6152992301 96.3684404251
194.743515301 105.68602838
88.9537152927 68.7327757471
144.930162039 128.98448272
38.8617176046 163.109616873
174.702900652 85.7301982731
119.377410226 154.609545251
177.641454171 77.9163839689
140.36179919 18.1470068371
178.797351225 64.3017154574
179.059847145 103.796679097
174.130428264 179.827127968
69.6440617144 83.4784413256
48.051670516 102.169764835
162.4433049 194.748861221
182.778128875 125.507959516
118.964156418 162.473949994
99.5827190258 56.3682018069
156.214780433 112.875341112
199.633499292 148.264147336
195.272214437 170.77550498
82.4672197656 198.836180294
158.291325227 33.3219169367
24.2308835438 154.53285173
69.3671055309 180.361512847
121.055420381 76.0220124295
184.968099499 97.7422155825
45.5921529775 99.393029888
143.758219035 164.050883762
55.5155675429 58.0253400809
156.346463023 54.7788166279
154.759784282 131.052120792
102.337379335 115.374130135
84.8444070488 126.320438792
151.759155631 62.9014728642
207.938351417 145.961698495
149.473506561 39.4142060541
109.419983074 210.506305718
64.0967423073 176.470255887
187.366656134 164.550048936
53.8282957402 56.2773419845
102.626580924 161.748407568
108.115884688 128.489250105
194.89213858 102.18983761
170.22464398 96.5648962734
86.4942086276 54.5574867201
183.194892958 120.052272507
121.65716783 119.338559165
70.080439818 129.599684764
135.468384267 199.373526954
51.8210361987 35.3812259294
185.661293193 100.113778127
133.701209811 140.436827929
110.351136594 152.461846231
105.234800728 132.828746889
26.7440530274 138.507720295
34.3915873613 131.108185602
79.9219889263 188.808587663
158.24727687 49.381502848
180.910818949 188.794633525
149.659463236 154.564048301
100.686047508 139.276476512
112.299783014 99.8977811826
72.4011091963 136.708977697
52.0941768672 101.131968407
160.092470764 89.9483189643
190.650434106 46.3481576065
135.085934004 212.485182842
117.070848016 139.070530152
51.1508282979 159.037996356
185.868362251 146.919542433
96.9019130904 26.6287318977
117.442038507 116.488658267
129.893578523 165.108833545
52.2132319756 42.0959117271
98.764851155 177.402461298
121.96870544 61.7703657714
11.769678435 98.0128165651
53.2692175984 42.9659645488
84.9737076997 138.127204081
67.816160598 68.86169444
36.4546940883 157.167774633
187.447445679 80.8799023707
128.335086067 142.005446467
64.1492088784 48.4844382839
145.201869903 64.9257335597
98.2170232452 163.649908101
117.164846232 82.6873964636
197.561533984 71.472053632
176.805959085 145.914980167
86.6193543118 106.043716106
162.808423229 85.7634984455
165.099607938 197.993267826
25.8193788229 99.159336135
15.7339115838 126.808570606
166.409875741 135.711427758
192.94238331 163.909385512
167.317775017 116.592825025
153.797822063 161.255386565
62.9775803629 107.271987668
101.174132471 34.7485159685
118.952190031 193.441250896
65.4267049337 124.23707565
155.255545821 101.695768156
154.564572043 168.200957152
199.502871285 102.579654732
130.956209282 16.473885388
98.9682529671 35.1543705698
39.9764769795 94.1697626157
107.533039313 191.341936529
142.598924955 90.7354689663
205.542862907 150.318742269
69.3640760736 167.647295569
180.878025104 149.71503736
86.4938714095 15.5866730378
72.6409481716 84.4104126774
87.3829845394 55.926627549
104.606151428 178.726662583
78.4091119049 74.4577081942
112.521416318 154.943354574
103.450625179 105.424152508
30.3854034427 57.8515582933
173.595696496 190.242115216
171.263617403 115.291039837
114.656979573 39.95549606
165.737761652 196.505158475
197.839030003 64.8391337259
174.77137365 177.591222828
186.505399592 143.078850814
128.067165215 36.3576089162
164.322502586 80.2842936102
145.330130256 48.6429089903
103.872439145 170.071179352
57.3288645767 41.7800223058
145.707774227 109.994237244
107.361646086 66.5283169493
47.8692612169 191.193076804
65.6920431218 122.900462231
202.017083555 140.619570807
166.203240224 171.809282912
48.1392168747 126.022463764
111.286406291 147.858485968
22.4388966537 108.528208716
96.616281345 25.3230722939
134.391661968 53.6419391073
63.0038804479 89.2346381814
53.1549212322 126.829454533
145.908398139 122.041962814
48.4390650846 177.384532867
40.2441293956 158.654626366
48.8933788518 48.0713672742
