69.3092319017 142.998063248
129.855604048 42.2450117394
137.354365564 35.7893260129
76.5741179373 18.0364934122
96.055856898 73.5905074004
157.702393212 193.130084784
139.797016156 171.95301429
162.622522166 74.7541680691
139.64152257 121.591373342
101.060877609 153.089238694
103.799683698 207.360612396
151.431209633 204.474368031
173.354732647 144.352838886
94.1031798417 153.659623205
212.529415392 118.444543436
98.0049561493 148.031990723
93.5841755509 212.666948418
33.2391143469 166.85568659
80.6184295624 34.8828397172
120.222797663 28.3480176298
41.7788710944 84.367341327
187.33799276 152.016081489
69.083320507 175.572243171
74.3198097482 58.3707512375
160.294132346 105.865172437
103.791434415 154.860288145
38.0093702541 56.1179143063
146.615287494 110.601741496
155.939045006 110.906364028
142.142620107 204.249187483
187.348665478 154.519115379
71.2768313975 107.556440962
182.928236075 72.4743844354
15.676142346 131.200772321
122.345305523 137.69170599
72.7180240025 76.4586911796
75.4972237069 142.684025726
99.9223646386 85.5393910071
81.8713176479 77.2311721171
167.12361613 109.765605538
166.2164772 27.7785161468
95.0161318864 109.966963981
201.955114694 147.545544563
103.525694634 184.682284119
80.414498185 53.5916583329
80.6864786491 167.78650266
46.861525839 184.584592505
83.2746208888 149.05102009
126.175129016 46.9050028861
105.743055083 61.030199198
87.1305060845 189.370282718
150.638711998 28.6313529087
167.542096874 146.032681978
144.490424486 106.407606521
200.270419371 108.75338699
29.2633663883 112.769122688
61.176943623 171.577113147
209.080842164 100.24625028
102.815385365 213.074723525
165.250097646 154.740611416
80.0793968835 102.541398451
30.745456114 92.1463832616
73.8725143036 157.818629263
85.6922890747 115.657396951
88.0662700403 102.645177008
73.2530644413 47.5934460088
102.759617869 178.816738715
80.7732519482 198.386447533
40.1290030726 126.276653832
88.3209030807 38.4052876921
132.798204452 112.104700333
161.177646701 128.581491784
92.352603548 185.802907937
170.366425071 61.3986353381
119.553902286 210.339291395
113.922599041 154.832515374
27.7548334643 66.3537001299
210.691487084 85.5877272146
180.680899801 96.6595529231
132.46434472 34.0547855097
135.718455923 18.8647166261
64.3418172019 23.295389693
80.1412208225 78.0790526059
107.251714489 191.024038847
79.8941646111 145.16234804
25.171296118 102.989804077
115.086645381 200.893414275
179.120093927 47.5632668399
23.9941092416 121.151353958
42.4645591942 69.9296398745
120.1683877 112.454970502
115.604133277 183.220091137
115.435454343 185.81626431
68.3359952077 29.5947775327
157.123663364 186.518483362
175.61569203 181.903657329
119.780354823 202.496099177
96.2561417106 59.8728272512
209.150952111 137.493708491
168.08569348 80.1792480848
