132.483678001 206.781909131
39.4835725181 147.46643758
110.708819962 61.7400428254
44.8468342098 104.860131312
159.715245853 118.871150157
50.8217582585 187.928701434
137.840596659 63.7891964836
142.321825172 19.5925901499
120.96701006 33.5309819435
187.577200061 64.7027239484
61.1247824425 176.722444337
64.9860994642 68.4525295375
124.24568856 122.342586488
50.198693556 121.3054458
187.353253695 116.109410084
27.4923354372 58.3008933418
108.571741729 132.306340112
65.7757701568 30.5648174474
126.854000082 166.670385431
210.619614685 103.971138599
41.9271650619 120.63734
164.509008427 53.8832494073
32.0952941289 137.700656326
124.937374085 145.048677729
114.93036901 127.179624897
111.36228911 83.5756052165
112.259294519 26.0314457655
197.075679803 73.2695833128
44.1792563396 85.3590776092
38.4151027124 100.468481766
178.992343566 124.440484149
163.715561434 179.880715133
38.6134122553 90.3447977499
36.7966996336 45.9062802515
186.449401368 156.627974117
61.2118450219 146.317452574
86.3287968327 21.3160904788
79.7191619423 98.2372168026
89.1933916347 204.23358036
22.0996629914 90.7650486822
33.6735577585 81.587332318
196.880302672 102.782964821
11.187879651 116.212610954
45.2786846906 181.240658623
119.095241068 85.4388202951
141.622393537 33.625956324
112.890626372 124.942967716
18.6405351752 119.078034245
204.635581963 153.328452548
23.7888335424 80.6169762842
