188.667383466 95.8700496913
16.6007433879 108.381793575
34.7800274875 91.3620659944
201.296408386 143.441991289
61.2622980462 170.088060225
98.1371447676 108.803247277
137.578400297 164.191649454
67.8208751635 140.01325212
98.8879595453 17.2704099217
144.915626965 181.844005139
201.650389357 70.1554966978
101.261394534 50.2310382184
132.064344187 73.0873627089
24.7861603098 129.56895557
91.3798615885 187.910306233
159.199638484 97.3586700501
60.626233504 98.6164204079
101.186669023 158.820227038
80.5033300034 25.7171867687
65.2238753884 155.204865622
53.1054959114 188.220836428
160.936450438 55.631562376
65.0012141954 80.9431618832
68.0288631565 186.856962086
111.958874451 53.1087043693
28.8523883795 165.367140526
170.713972286 81.9232783853
135.654022779 188.259606591
112.956866647 171.594533133
114.984903913 124.784644599
188.187166431 137.126202036
69.1951753339 76.0362803051
164.130255218 186.345551015
69.1480981108 91.2672020512
31.7979938293 141.779293708
51.9060794518 110.983642906
181.388006321 56.9975812265
68.4279437757 53.617341403
197.157750665 167.124895024
61.9561299888 76.8854356067
100.887499854 192.742625836
130.471516283 49.9803473651
39.3544884417 112.002306554
178.207732306 190.473189367
213.387984289 114.469737017
82.5595824277 90.5268171172
61.4065073079 48.863408998
101.698465694 57.8441285902
72.3379498343 163.234707163
107.304056179 158.21774322
175.146570036 173.756728448
74.9015264265 59.5620011469
53.9782222075 30.7044319843
81.3277175746 73.8721507697
172.769343603 175.90480185
87.1275958807 47.9878548761
171.959329569 106.604167148
43.9452540082 176.899147322
127.366483214 168.056229088
51.9005591988 57.5714421197
134.6863914 102.180277237
26.511372943 139.43058744
129.362562861 19.4834790401
105.625353176 47.3950979495
120.869119021 20.172934481
144.21627648 159.374679238
86.7669172624 153.222896794
32.7216663064 147.745800374
38.526088437 46.2382423083
147.773674794 161.384084863
174.891390943 87.5785483809
28.2871692087 96.9858372702
76.7763458523 178.847800346
63.4785167724 181.846818676
101.290780022 80.4405707042
196.038779819 53.3659065228
81.795470912 123.954167419
163.111433339 52.1340025069
168.857466842 93.0413820796
39.5160262573 79.6005418846
48.7736732617 99.6818912359
94.9832285903 117.955976855
33.7847148784 59.806102003
175.980487356 145.293176336
212.186585914 94.1338973191
137.588196256 49.1279044389
152.82962208 180.411026545
166.33023718 70.254987191
160.780849954 189.976172071
19.3865217846 146.039681883
89.7043693573 38.6465647772
180.442243784 40.7756791551
161.476810043 48.1762798065
193.831348078 111.573743257
49.3050761465 62.2137640188
158.20023957 24.2373622463
145.536619973 43.4466279331
163.789230393 161.632597528
132.963465524 63.2400523046
152.360134848 92.3625279828
81.3386560933 58.5497956653
97.4314269438 196.114945671
161.933468013 162.82384518
143.077940105 28.7871932186
59.0092400331 116.194467301
116.923152891 183.708010192
160.426237055 199.562864497
50.4829295138 52.4132318794
182.780740089 112.945986146
95.3086452349 149.847962767
189.903840412 62.0402744341
189.81920644 57.5288905522
96.8604756676 96.6101517286
189.561312238 57.0059644966
102.153790235 33.0841543077
131.495256533 36.8980119143
132.181557773 20.5924521972
108.066848062 99.9553531909
14.9229974237 84.6758193937
167.959030411 176.599114726
130.9512811 161.349665237
119.121738298 96.0399812699
128.801889336 159.722772194
30.1649780452 158.638692662
119.417370813 147.472144796
82.1157586135 121.874087915
86.3704349288 168.381003471
144.895079749 75.251535906
68.3223742684 196.167163523
194.570353426 93.8296258719
189.355672599 102.853410869
55.0819681861 178.962649508
131.957897681 59.4372409838
100.764885249 181.092074053
122.84031008 95.5819663822
88.3769289769 145.558385513
81.5784720722 163.127972033
100.569445886 23.4858945284
164.141645877 53.5068783564
63.1787372195 130.794730444
45.0318341626 41.9670256722
159.308946887 135.249533399
144.159962133 19.5997238146
69.0306513067 35.6731936288
100.25854833 52.3944596514
143.894564451 60.5836987308
170.661451294 92.1973597739
122.247265622 30.5821643773
133.336213339 27.692405584
40.40995307 166.575330758
132.602639878 143.77786203
105.512382398 66.5889031851
131.271408303 133.989688141
142.029169904 137.500192272
90.3324104362 188.983465014
42.4281002229 143.428996225
141.328331445 53.6061249876
143.240419511 32.4813686034
188.076960248 105.606933556
84.2131696088 49.3686289538
110.484834098 87.336300619
19.2097476257 106.42338004
207.95448224 76.5363275635
161.325303284 149.371404336
193.788456677 134.500595231
118.354853852 100.489770438
25.9117956743 96.8203308988
199.861291221 62.6117371398
107.307980456 57.2491490245
106.995682506 192.581214298
66.4928844304 120.152376575
95.0116574763 117.414986835
86.0038552955 207.334493146
30.1374945662 140.917310283
48.148179371 117.116806193
53.3619759369 100.058616367
196.355023259 74.5404573379
129.766163647 157.396742512
144.334435513 62.3286987841
162.239414864 180.566267784
23.8922101942 106.609183994
125.793709209 86.5640040089
97.1265969875 161.745330017
165.47806333 199.647235059
149.957968725 106.203530296
108.049349157 96.0278971003
35.04503042 121.840800224
139.530444081 23.0113336365
190.042291532 108.718999704
57.3083431614 182.531098223
108.127875257 90.0810482506
187.416068473 157.968285551
79.6579375145 95.6626935781
162.716918191 115.63581141
201.498720977 143.833963396
79.6222253401 160.351875267
208.366561443 119.130639946
130.075297359 17.845519061
27.3173968171 168.232072483
58.8920540695 124.000767042
141.58941961 37.0596879906
60.2996694575 61.6185438313
136.596527907 39.4977274096
202.038356548 115.248647837
116.293465012 57.4805121577
120.199912642 210.650283815
137.97783409 123.117353285
100.377657977 194.800485872
122.938276893 153.532877677
167.250646849 78.9166415722
56.0028456277 64.2955607343
127.675682778 131.793713804
48.3188096269 67.9434693124
148.321698249 74.7103085837
48.0327828443 106.487554981
75.0498586213 88.2256176199
41.1565108519 103.733967619
109.855022471 49.3897672575
147.844281744 91.2748583272
172.564625176 153.191282226
172.292725593 123.69514894
199.116451219 88.0730042677
137.102934891 102.807609793
166.577307728 45.9922037463
55.0259073834 148.064025474
47.6533842954 40.2611677199
96.809156126 122.464319176
171.179743847 193.865377449
153.687329709 121.743751498
130.048493525 84.6460141523
43.3403773834 140.460551884
103.860118712 13.7621038103
143.771180813 140.061500805
156.450293513 42.679242096
162.341946442 184.247975849
123.823494495 42.5780315689
161.975035039 98.461499235
150.687436506 200.493676656
168.493072444 58.1382282884
83.9802783975 207.725506442
146.116253927 99.994769215
24.8600855517 144.212147379
105.418962927 21.9638688887
18.6192455012 106.562077386
165.987253813 155.615707785
109.717507302 63.9790796788
159.645039587 183.260070256
186.881265877 48.1253857609
140.590695292 39.6149685548
93.0861479462 135.907858979
163.022251664 62.8888720953
14.7898034789 88.321647534
190.661147195 130.391181901
154.651369589 180.771615782
44.8749127188 84.4305615571
171.868073308 106.876169013
31.0233539353 135.209612658
51.5154568908 139.683980575
80.4866296241 201.584088817
130.351015681 57.9558625368
30.4116471848 113.303723589
71.9265068671 58.4838022892
88.5360001694 61.3861990756
103.296991171 164.391880795
42.1836638076 180.977873355
74.1845400253 90.6675825367
25.4643772288 129.943890794
74.1627339832 151.374386462
132.896088274 128.140837424
169.203326181 119.852166998
196.265536591 53.8722206841
180.425745647 145.910936679
81.4528670781 88.6823984793
208.000184324 142.433299031
132.186161012 148.468806421
84.9084922603 186.23773467
54.1086940248 131.048335274
70.3898086663 77.1334116184
68.8752736351 198.615280959
26.8523148615 117.822403575
86.4853409243 47.6371402864
119.621228987 86.5247552363
53.7184215832 121.352010804
81.6510191765 151.493252127
116.582427546 106.325358752
47.1993802078 59.5617832596
104.766297512 81.6508691727
188.304742679 108.128227288
25.0489418795 83.0170787234
43.535618018 180.374635599
26.1237457586 145.126463215
112.426365365 185.431961881
134.811578327 124.656550881
79.1283221495 51.4897085331
78.9862745271 179.040859674
101.390642124 80.2573672336
105.177539053 123.064616166
83.2120951454 157.35296403
67.4700596928 107.843880753
132.78474167 161.703225207
115.480894669 89.3636262534
90.4973907417 61.7936289069
64.6831202852 133.987854902
112.99790683 183.81088325
48.6684277373 167.597699126
74.7855027256 158.029335116
169.373737788 120.774654272
174.36321574 79.2027328593
158.977848015 81.1824075583
159.156903968 177.114370925
116.599005984 148.188871983
69.0723919414 74.942290322
152.09339645 144.370977358
179.198960095 84.4560076035
72.4038165793 145.937484738
185.419869483 70.5750119633
104.844452629 75.8592373307
152.394009926 71.6749213861
159.838164925 79.9987055283
59.8788211653 190.655018243
100.417170093 61.3889536306
78.3037834386 62.0145940173
130.372444822 156.463982801
184.081984996 160.474838938
80.0247570063 92.4859586186
153.658156259 151.687403947
110.371052079 93.921401828
28.0962491927 159.078190997
69.7699027586 131.941762438
156.900298782 172.823460123
129.180696476 74.2465557589
41.6781214255 154.473813775
139.203884257 95.1981481169
20.2616465268 101.935819087
14.5636907388 120.561177754
202.60844139 88.30426964
71.2824387445 88.6137968236
206.608952772 121.361272094
154.424163125 180.942061359
44.7012875996 57.9972984926
56.2991538288 107.307146908
86.4228103649 188.488266135
77.3077276384 47.5148968951
33.8466575341 91.7323622618
131.952228904 153.246350021
24.4583145224 150.999758059
196.054542795 130.1334689
130.104293977 205.002299741
29.2172878997 60.8968617434
130.745449941 191.204294519
209.760518336 92.912585624
123.529900621 206.389929683
93.5190140636 87.7030254836
104.118032326 153.514758154
91.1098859845 69.3134294672
29.1362910708 100.542323411
180.502696807 189.046800716
132.311425962 25.3667027991
186.93037595 111.683584582
48.1424102674 104.776665301
61.7742509719 116.846889484
104.335235799 111.51413272
88.6519773616 210.754545866
184.820761181 117.865843319
156.249894334 118.036279421
132.094403272 145.392473459
88.8388537231 198.222420803
83.1673749708 119.075420741
137.252374669 62.5805612904
101.58688962 113.378079444
146.279043588 86.0734709668
31.092451472 140.715358345
103.729667889 98.2737234489
185.524463013 99.4113292671
150.236984758 153.467260197
125.310124584 208.767404542
84.7878743216 112.20775176
82.6756858527 121.619270057
125.906714094 126.159254812
174.246356755 145.67017594
151.934090503 196.530174118
82.1345238774 75.5174559176
150.141407316 175.948920928
19.0558086374 75.3585561635
16.6441374781 84.51379984
110.485637011 102.448665051
27.252372549 138.047640001
138.04723258 148.816843822
184.13692437 122.631481122
72.6519907475 181.292995418
72.0925520737 70.2398243027
86.8070496893 159.671922882
94.0056112134 131.555487081
94.3153465634 209.02065862
149.610465338 122.138340209
84.5057293334 71.032551294
58.5771692464 119.956726842
143.450219325 139.024924782
81.1845792073 71.0145188896
61.7665328669 42.9558196242
50.2777047224 163.450248528
52.909706628 189.558958087
37.0389201325 49.9951968397
78.5677208013 92.0128045753
197.465190785 163.805600304
146.254928021 123.311252454
129.822450983 100.219348307
64.1232284956 100.478102873
149.60840457 139.368618286
109.978888624 177.409279
50.3356850849 84.1045257871
128.073553918 127.503839243
155.04648714 131.006399583
121.408548232 47.9248136138
41.8390747492 63.1669181083
149.024449065 207.463730624
149.576156607 110.477665304
129.308582644 213.076565953
160.140225637 67.354365227
97.0421974027 181.79673324
58.5210059019 173.438028416
56.585391286 159.451010294
142.397645974 132.782049617
203.931937755 157.149925086
37.2613176722 117.210625331
141.557668641 130.495142632
156.137706751 135.788354579
89.0867997881 49.2282131463
207.721501991 89.2557953323
156.071095111 73.620346259
39.152339425 162.371460352
33.7370160902 96.4606843371
91.4611018413 156.906362387
116.403151532 43.6224380488
92.4726858692 123.05935711
86.3277445909 207.635725434
171.359611887 129.730979785
176.567602277 69.5445225437
52.4726085547 70.3958669641
95.9169444446 107.954881303
190.513234112 74.3618549226
195.335330358 64.5830570667
51.3614639121 41.9531532441
110.514639588 127.728415027
169.456859988 123.086157745
101.861643585 32.2597222254
76.9995862619 151.363557532
106.192229928 71.9848751201
149.141965664 177.076805067
103.793663257 36.5772894422
29.6933170103 129.154994538
28.8299859697 80.8755131022
186.281132118 47.8173479555
165.367299161 61.2046465134
36.4714894092 78.9397226598
124.823627639 67.4329351009
130.028359127 155.881726763
106.216096234 19.5972551122
71.4194066137 96.5661932491
107.450220953 203.350331131
213.63697982 112.264189889
82.8488718506 65.4459591357
87.0862787262 148.477470453
95.9020678228 71.5115817918
151.716411855 182.988024628
161.732866115 198.351564679
151.188128553 47.4700515512
69.8313634033 50.9708272346
155.215479868 186.065254672
94.0841130185 120.143152354
144.003924007 71.6321545246
26.9978786865 84.8563074755
93.4304862847 22.1237098527
110.912998346 144.2310386
22.1917358116 135.438981331
43.1869065547 54.0256076173
173.453236672 84.302071914
174.150168411 192.969398182
128.304597205 91.5872770908
151.415942723 68.1607008224
20.9413608042 88.6843562851
101.377204142 43.4748649955
93.3726978381 161.529342923
144.193385311 191.994695635
69.3622849297 57.1789651415
143.660389994 168.644210221
125.493764684 180.529826753
72.5843626904 169.538882023
111.416306114 36.1079489463
65.9713516332 125.968588714
47.726186415 173.891420761
88.2615982081 146.212700848
128.00502405 75.650511009
141.551705536 55.1054465258
60.595145369 95.0086820397
146.275374951 141.70382194
174.531888153 117.963027545
64.6148941054 152.298930848
179.301769234 182.105339833
178.375514632 151.521917062
83.3606627742 162.723603531
146.208397646 45.0539100907
204.693555048 89.7603534104
37.6946652317 113.386147587
81.2655960867 143.577625209
126.00560398 12.9833056483
162.087160246 147.70400634
187.726906769 77.0256348258
100.210533254 88.8075727028
121.866423881 102.787574636
177.216553464 112.921466267
131.314035482 120.368904278
129.321984861 203.485894955
129.205445164 190.180262752
17.3979746512 88.5567567008
146.376650138 96.4798441791
118.940349197 131.914186094
48.5674865151 140.298119294
60.5439816238 167.025952687
153.8871791 200.911955156
167.375354484 154.929175306
162.791206788 70.0413547085
132.804088031 31.3307208073
208.999611162 84.6131803204
159.102428014 38.8876407974
134.635629293 86.2409544863
117.787600577 86.1035712209
198.446761877 116.683220278
162.159686022 30.4126624017
104.854928608 64.1499423351
205.712365324 132.919081276
200.109668876 70.1380922808
140.269824798 203.232126065
144.294113033 60.4341136922
60.8041532748 195.093198987
90.497042612 84.8831008498
194.692474798 109.127197337
156.535590097 115.66416452
198.228056167 129.57864868
112.445122726 182.416458824
20.0583334453 87.8290513533
78.8830016712 100.257121244
110.171168321 160.665076248
104.25107752 148.886473798
45.8678823411 37.536691987
93.1851041903 30.4165835258
178.27726742 84.453742684
102.217255809 163.864885845
120.655964487 32.7707421034
178.346252419 122.185977429
111.702928534 35.9925893007
130.17699334 143.361454209
202.701580669 153.539149481
72.9697664473 63.6613209794
54.7285910584 196.767204082
188.223485344 151.016887604
142.501761527 136.239809358
163.874533247 38.3682217829
139.031614621 22.4478317837
123.088533245 170.697409109
32.708089031 141.157701177
133.288896732 64.2353231734
98.3558083412 175.232611468
162.544430748 165.879570945
196.619756426 91.3128686509
179.304514157 141.990308189
205.544457653 154.393874427
77.7718336002 72.2917411781
69.7321035375 129.23056671
82.0462457218 163.167015615
124.187366415 61.9081888224
108.8279563 100.76834088
187.092656377 158.46874691
113.143177492 81.3504414769
113.813542845 108.943100932
75.35278868 43.2686497975
58.681668232 63.7539283495
196.458043601 129.351803664
37.1904846423 163.218847081
82.9826078112 92.3066959744
163.082604306 136.420854675
122.05430266 56.460467477
76.7802291037 153.112234325
125.460498086 81.675242293
160.241989368 117.710819987
102.38253234 44.0313186163
84.9172245073 50.1985771987
31.0809318423 158.15268323
21.3931021467 136.468295552
156.532692788 62.7380051083
60.1245934529 108.892195877
55.9727454095 52.3703045451
204.729258253 89.3329755315
86.3495677276 103.843670418
175.473890548 158.374953681
188.882784352 146.052242161
175.459592809 154.828962574
16.6641084374 77.9114822223
179.795827198 112.971733657
97.6239938523 197.4975131
82.9348713311 199.863789369
70.0648194751 147.446385024
208.209253134 90.7758764676
152.411394864 153.5217146
20.8672616608 104.997258087
63.3786329788 182.1451254
59.8541687102 132.457477885
127.288379673 97.5139355653
24.4349682782 97.9012232371
107.894133133 64.9743460353
174.931213838 64.2782903875
168.430799075 91.5110378214
102.916647786 204.482088018
70.2589640475 64.899592994
74.4657762355 114.02338239
73.6935437174 197.63517637
63.249272765 45.911093571
148.056854233 121.735454925
52.2396200848 41.6338666213
75.5503611796 62.8591699424
121.158670083 78.7354936509
71.565803503 129.516779728
50.1590916478 51.7438507235
102.000098894 57.0098335967
101.398986101 89.9916152789
157.72793086 120.852049592
205.902214971 107.452810809
155.249181791 93.338255273
109.995306432 199.895586875
78.9196370738 112.962536977
129.965030564 58.6513328513
85.5715703004 203.718851712
111.243440683 24.7450746278
125.84874345 91.2454812666
35.1693709197 47.8653050098
55.0271541057 32.7714934819
178.411993761 168.622556341
186.571027466 170.175493475
166.875623138 75.1812582881
48.1644548991 151.834130317
91.9484475495 192.128598095
55.1272409243 107.346277241
125.684608888 14.2119528847
98.6430483271 36.4337172026
28.846265209 164.272562533
145.540269082 140.499411624
70.9477994798 126.926069936
185.35394734 40.9553874604
105.758561113 158.629961634
133.623780063 131.868039258
80.0746005398 71.8199401718
51.7659069755 42.1747740751
64.6753859797 169.636873028
49.5683317473 81.9873212481
80.6178241857 175.988523179
152.456266932 157.378715529
102.134927537 60.0717019953
48.8250887806 33.2371739301
166.881304423 166.800659391
98.8404998509 114.218202827
166.102605049 64.3138538993
20.0140236078 70.8854323748
199.458055847 87.9038791523
87.695156181 66.7084997036
170.073574131 178.511347351
151.333999739 187.850531257
132.957676747 21.4324234816
148.598646031 104.515178574
72.7780379976 80.6760016259
123.424518131 101.790391349
159.329695925 72.5055377026
95.6354611647 157.260881219
205.528771972 153.281622121
133.717874921 179.231592811
80.0984549313 33.3073447786
118.305405502 157.143282404
208.783719283 126.115405898
59.1903102884 43.5475459295
30.8966296475 82.9984015691
179.993887472 63.3741907202
47.2487033614 92.7505221218
124.195377419 96.2107410112
155.172588816 203.373686484
13.9807430256 104.069824662
110.677947618 113.733549185
140.114731464 127.571458706
191.187005665 160.915435197
90.4434527934 46.1283213137
45.0441471413 95.9940470257
114.139770867 138.503462354
99.5745304319 47.0120525072
135.391114389 150.911760558
151.720272573 160.360959582
165.123465228 71.1572009307
125.484142991 209.315665005
63.8268841317 76.4934087273
94.987438502 126.981715283
89.561335415 142.206100214
202.52060252 89.3517639316
41.3911315209 173.478228808
182.276173754 161.338058681
187.498635298 181.143313819
177.491416502 75.5532019361
29.02830195 151.562277917
145.616739194 166.064129261
64.9498508211 116.819235681
127.087845397 163.63061967
156.449243865 155.880712347
194.313236166 81.6830660404
144.423807944 144.964144591
39.6289757028 78.8640026992
74.6495915004 153.135794845
123.309004409 76.311639537
139.965106364 102.91230985
145.835289404 44.5846485679
121.521592173 27.123666748
208.205585443 82.6380112565
136.176956041 104.546420481
191.524098048 138.08903763
93.2710841567 188.504525853
112.171100678 77.3142370506
135.428204747 149.704844505
142.500181846 124.976958193
106.879274549 189.799842506
133.112034363 196.479332681
133.521519455 65.1467750322
155.876909932 122.483466694
119.460441479 183.212815472
120.385861631 200.887790388
88.705448798 138.278674531
114.009332597 211.379501012
135.847709708 30.4475068364
30.9130444787 55.9756189082
48.1161718284 100.541183691
177.472579598 160.297194496
47.7883200432 148.47396491
117.162951624 72.4579067249
124.427571583 166.249340616
191.441542421 75.4290620662
116.22990352 160.940642264
170.735070215 31.4686920126
30.5967296928 133.570372051
121.525891597 32.2481504715
150.036679832 167.119238217
113.363986161 117.441642578
157.991112914 72.1125175568
198.146303776 97.6994702329
47.1745256378 177.395777813
161.496910918 143.050359894
152.566537314 65.8785594804
112.0032527 158.48763692
189.796720639 159.13397684
36.8531536232 167.224424551
119.389968638 106.419047282
75.8831389133 19.4601624041
56.8402737149 131.678415066
113.558848373 134.144620706
157.811292741 188.275646451
148.203318721 61.0835472043
72.3681068014 116.199496196
144.398515711 144.188114338
95.4399330586 167.772340366
134.738445791 150.174907487
201.746830476 144.236756529
88.5957806866 84.438403003
74.7162500563 46.4408946624
200.714141797 139.386115425
143.684677388 75.3750448857
80.3788690317 96.9112497544
174.236590244 140.160107612
61.2671999404 136.798717329
213.416286679 97.8361564928
142.085864853 87.0764989183
153.435502341 107.973325864
178.706116887 111.406767646
134.732523441 138.365617927
28.3742338556 117.821059211
82.4186599377 15.2250635497
187.216561397 164.254681861
41.4138056992 186.080111602
30.2037840923 171.304757863
63.6580628379 119.020719825
146.080507501 82.9260509277
47.3467383911 174.110170458
88.0471149875 60.5166234787
212.778615281 127.244541982
161.433072357 177.15280944
95.2513244415 134.300967553
82.3581154892 108.056223808
91.5369703719 159.494247484
160.058096853 122.295885519
138.635882999 115.639330791
83.4986168555 67.360379489
106.702641343 170.087155722
53.1237406573 98.4801581449
52.7761299584 107.799850974
182.125319123 115.084940696
149.398468405 101.687675831
63.1078289547 109.639029285
168.939925272 31.7037843546
43.0803182825 185.229105511
99.6288659185 163.673971663
96.9926272872 194.367246371
113.268251247 157.492655448
189.715193635 118.370523068
122.079063704 97.8951357767
70.9492205072 121.570246077
132.645444902 178.496675659
153.690309213 106.934859083
120.013743684 151.734270635
169.296378366 81.3568539934
166.814955984 151.136345332
71.6141776722 82.5493719655
143.684981131 63.3928232145
146.519517545 155.655318649
38.4882693704 112.036001118
191.799627927 92.9022085275
118.502126942 33.8087292421
107.742652413 117.161306187
107.062297056 63.2308595456
117.257355638 163.477202246
70.0029683646 104.278380287
170.31930958 194.528648642
115.404853625 127.013131327
25.6904287815 66.3727311868
69.2780219565 41.4203516085
70.6114903411 77.4726237591
139.035795284 19.1732927126
70.6978793304 31.2988522208
121.038602698 197.016503136
193.532516486 144.966757307
88.5114781607 207.759035104
113.98259697 27.8101788322
143.679596217 40.2851740807
65.3508035207 40.240315821
167.665274095 114.402681498
147.939527125 51.511718132
40.6452707754 91.7866153774
129.299480005 183.338440834
159.091654991 122.082140451
144.544323504 80.0343136052
68.2429624887 166.426253351
151.639119163 191.261409847
75.6381116676 175.725297839
100.921548912 213.013934411
206.681598807 137.575644888
156.849922017 67.9159638046
41.9849598718 38.6370512276
171.840943785 186.934616575
60.4057999015 123.837739407
67.5689568696 73.2672601029
136.891310579 201.220341559
137.56201728 159.366629909
126.560285951 123.53735492
138.318226174 188.116070697
183.968137616 121.564984247
193.310065935 137.474851598
52.3896658111 151.162120714
79.9218363455 205.561499374
156.349138429 22.260811262
72.24636298 162.391094779
115.553488851 26.4066586068
37.0329113879 169.471289848
90.3850910237 50.3209210036
73.1583321222 18.4346992652
31.1754308506 147.692892174
119.915350392 88.6588573877
144.803782176 151.919078
157.860100007 132.833995903
109.13400469 41.963468127
99.2189383869 46.5258923536
85.0084717223 176.573470186
155.513553143 102.333209469
156.332605189 53.6816033261
156.197321863 159.434437636
90.6404012525 176.214881949
93.3481326616 119.272648772
65.0438860279 48.4203409789
111.599958473 164.513628939
26.3043007908 87.3168792838
139.224729806 23.6477846256
197.153796411 114.101539471
62.8641101584 66.0848610623
128.067866312 92.9178302143
64.9041428468 107.986132423
41.788751029 64.3958518404
68.1680118986 184.535434827
145.267219699 140.671820831
149.742824076 72.0138911527
148.412328907 22.9338755739
122.857592347 155.447260512
78.7339574866 79.8796545544
109.114111348 109.66793803
118.435641182 184.190099617
112.086537707 210.147010671
65.6741646783 198.464946712
118.039132733 61.9288437495
23.0410362327 66.4491193648
135.873060947 126.456637191
131.439156411 162.828425765
143.029770615 123.46094948
131.812059428 61.1018460267
115.007682341 190.783430528
119.032613269 79.4393897537
101.098070492 145.08704899
147.349134694 42.9015160275
59.7871268579 122.592325462
151.303807242 39.6295015597
96.118010358 15.3986332851
209.538234776 137.548665284
210.30740052 116.477212674
162.637118447 115.984072882
202.999259919 82.19598037
148.207476447 168.835908325
92.5966562561 152.320343966
138.000292306 101.725425179
67.2736934274 114.07330872
45.4186053373 88.4209111721
182.366725049 106.228917777
139.573660941 35.2816242773
88.2541642748 110.663906002
28.0185470584 144.16976666
187.543863755 157.944002387
121.723194681 146.552040027
40.7148375086 115.667446665
134.839894498 121.228614699
99.785620176 71.0224062296
155.664067877 158.419396627
140.676425812 89.437069085
116.722364383 92.5428797711
116.444521041 153.73934337
134.868040719 152.550626123
190.52685551 81.6486934546
85.6642978224 18.7148363338
45.6893763152 142.370388644
52.9350175046 101.957303959
73.5423548536 140.166588103
173.797337031 32.5914106066
95.2846076614 178.200873095
182.407698885 174.577948064
143.11252464 69.1331933557
167.941027105 198.860202106
187.461522458 140.577022015
103.90287338 192.107840609
77.6202173147 50.5259540335
154.134789249 129.660732592
192.242933994 109.914163392
181.821169995 147.02731873
186.413284755 49.3228599151
114.320204465 27.3857642482
109.77141856 165.916547773
76.7408763531 177.164667544
195.76477269 121.402734011
144.202212094 61.2388118067
22.3057768411 115.638629491
28.3103602488 106.181362196
133.584895527 180.56143097
136.448025383 81.5176713962
55.4708275886 89.6382414548
151.060274104 165.628068054
56.6622263569 136.276813756
38.7931394941 146.437267523
115.047315611 170.464353453
43.2939200486 178.16543892
11.4938635206 111.365156104
112.123763148 150.163510999
199.194887657 147.577735426
68.9406344463 69.9081852722
138.067694687 78.3285367721
173.264884757 109.620483864
85.828818941 60.1163575881
59.0598471793 62.8930259228
202.140132335 154.619994439
69.7028034734 68.9381149496
73.8443944007 119.394035659
27.2519488963 165.968812017
106.720781627 152.29376478
79.4920873118 118.410301979
191.540339324 106.482897067
131.228008962 136.456248041
19.1798700781 89.1719861431
120.125813661 126.048841456
83.676000514 25.0775339391
167.660915838 120.456773863
172.580351084 103.836499231
183.35933635 144.403290375
38.8251871032 60.3979484124
135.574153095 35.3840264678
68.5807532756 21.2248832913
104.964651048 127.19978841
124.208720554 165.174011264
89.5249551132 86.2118441954
160.688430523 183.533220288
108.002789449 126.776534477
53.4060882396 196.154039288
83.2232550498 143.085698523
184.735938034 151.449008194
78.7057314488 69.6200337835
162.277646004 160.488354787
186.164205583 168.870934688
139.674759312 100.226578243
121.899444619 120.987782636
63.6594177452 174.83284553
26.393866106 69.7720361912
100.48470441 205.47055974
197.250480345 147.962776464
108.595520488 196.725300539
41.7909623871 91.6651213359
104.107389025 177.9273125
48.2371915564 192.300711766
85.377348874 79.5146625733
181.835428921 180.868851585
146.53183601 153.201701035
122.493781324 88.3497758407
124.411833141 200.279506567
95.7763700436 44.4749123726
141.407689653 66.8276915462
96.7722849394 205.228700084
183.517642519 141.347068715
163.979707791 33.5484193554
163.261096842 72.7398772703
125.728864062 172.401329406
37.3525222699 110.621544319
186.74828384 43.502626504
131.984199367 107.124474142
169.015867836 102.565869915
180.853441028 58.2510850053
59.9274045949 113.462421771
167.684510413 188.278419908
196.364564841 112.709162115
152.203180926 96.7094124123
189.751528219 143.78482231
45.8951562985 161.226721801
179.677765599 112.236704154
76.2248198913 108.585558474
195.440568097 145.660371783
61.1207803238 175.466102318
104.774401307 182.36564005
95.0231225395 142.104501842
80.032744656 209.828673434
166.07219875 84.7656087291
125.590159608 171.101971547
125.978663759 145.421529604
153.158399348 65.5371879498
155.71763541 25.5767444185
117.496438183 110.014167697
184.73573268 44.5722168898
127.931054686 22.1233095715
79.7948038303 157.716473696
159.231840682 24.5712123742
149.257897544 64.386031052
68.5288237508 167.59350857
161.76138679 109.672052563
57.8767184914 143.345025241
121.477178244 104.449251105
157.075946356 177.001966986
46.9970813251 93.9948802228
77.4490224942 105.640005951
139.424235647 96.5825651429
192.268823607 125.373000465
108.072371342 136.899154716
80.3288616332 186.852967069
139.260690541 58.0416635467
135.480919969 15.4637210569
24.3423157778 90.4580774977
106.020496747 114.061375492
144.791714296 202.960717951
180.286806673 119.949246157
185.696223697 147.405255857
169.642156703 163.589506173
163.19321691 114.049152836
172.66810842 152.284804947
74.7130734241 193.555367743
114.439716288 199.553723647
76.8983580877 73.8303280353
142.564639587 70.1270460897
77.3474775708 17.4225929545
94.4978644016 20.0106808945
59.5452377787 33.5996719806
206.502842128 87.6249079751
96.4322719733 140.616500538
92.3114029179 153.773458225
83.2716121627 42.1537567355
101.390086711 190.634087027
31.9149329794 167.497297993
39.5826105874 131.284124179
145.969441826 193.200985832
53.2018811277 110.863825052
45.1789793529 160.152516181
42.5832668762 112.014117352
165.288702235 108.867689783
55.3616828928 164.633130567
52.2450778524 86.9364786484
137.129817902 150.052840814
66.8092491184 196.54303497
169.809839163 121.709822273
98.3018546528 54.9566118524
189.008328027 147.244283504
89.3361819382 35.4281482372
77.5567379248 204.3432814
