152.165204229 297.692506257
101.746046235 109.765885693
275.493005177 105.272624582
180.647082396 220.782618435
340.203827362 121.593468374
272.711331382 120.377821533
128.842460134 198.53828774
100.945290402 346.114067531
96.525166548 198.844207497
84.7987930683 308.397218302
15.3494890165 222.550170796
120.204054175 204.037991705
156.965817236 370.452123941
276.996810827 87.9274189329
303.202791461 316.159124888
149.219755164 49.1566674561
129.653137907 315.741860394
128.58983171 127.06507064
60.0360318498 107.860386112
159.794330998 312.514683425
107.264456022 30.2452438185
56.6637033475 340.209020346
298.597689255 155.486835009
167.793277787 27.4964904865
261.491450634 284.047176691
135.666177481 282.440479231
284.438918307 360.28914638
223.598266585 391.069152216
126.143285859 375.699178449
87.0358763042 265.790378892
10.5383725479 237.456264658
340.321312642 315.442087605
250.47373077 45.0392758943
115.551831613 151.232076373
164.139794271 208.777494305
110.293018588 319.297391061
243.793608837 165.419347331
128.047781595 111.189770293
199.903663916 318.47596754
221.501082459 166.789974871
321.612807759 186.33943948
56.5087455808 146.888126917
15.2976320959 130.317616292
185.060207193 44.8050960868
255.099931999 156.283385555
397.528691152 201.412354893
191.522666841 406.600850763
324.2464058 368.005065449
287.473050432 198.086912053
226.558026964 110.536119285
149.935738504 370.759636202
204.976533933 185.6344029
115.351644675 245.051528679
188.778774924 15.8227592169
305.730296957 131.56669255
127.1788075 317.941793618
349.019604189 146.821840477
160.244478267 18.1111115621
169.575357341 325.721476581
164.14002235 241.579095251
218.417048325 362.47325316
110.33780864 297.882407293
253.437224889 202.173928962
355.381611765 80.515693457
328.156267174 255.032116033
197.889992419 40.6595033259
365.21184334 169.670516945
117.385387322 41.6493682168
50.0242044972 145.933381731
225.837440572 298.869574529
299.817216196 386.162543526
288.776313658 65.7229329407
69.6665275306 193.684423539
21.6739219194 121.16648617
164.943690282 374.512040589
118.700406735 237.432725835
272.358331238 346.268142106
253.957645554 13.5519982422
302.98506149 300.168998483
333.68384138 262.213892382
124.717070888 130.118416867
250.044636993 380.612199311
395.690060071 189.193111971
294.627801799 65.4674728133
238.854798901 92.7379026505
227.599716781 268.223976231
91.9599277906 312.958419334
211.821605415 378.761672333
281.384606341 89.1116370227
197.428431796 18.4753846645
299.870400615 79.871593359
168.646887435 270.598011219
50.5445357637 160.127436206
267.327750568 274.186658929
311.964231312 61.1681163377
300.733665088 24.9195183877
51.5933615728 338.902590564
189.41912608 132.642314366
312.072130952 257.908687209
64.6964514585 274.764333389
56.3564364238 195.122742707
164.386238314 166.198037919
144.521094369 355.272741449
192.058031883 116.118414302
316.51599433 314.341066002
79.5118290292 330.996675878
270.672337957 152.39219396
362.334106746 140.997542654
145.87531014 157.530458375
128.563430021 133.617538791
232.896691504 26.0140635746
205.437371669 158.473688841
195.748795436 8.1110150934
207.056410514 82.7845086443
297.512430015 38.5310775419
117.878286206 144.394569888
288.958392216 146.854294877
212.089990828 101.217260507
139.380472921 63.7887547163
221.462582437 174.227881569
45.2957280712 301.183864358
205.54843365 376.723459702
159.133858743 291.816982823
277.655290373 95.6561952768
136.903249878 23.8063783081
215.428126257 207.650818664
171.942536333 177.311541898
273.662033882 101.644330365
123.790391704 227.996554803
181.647059268 10.8881418774
236.236964884 214.894102532
105.92632324 138.246001135
294.155482179 37.7653552552
160.267895588 148.496710905
240.620735611 400.764216015
311.307447659 278.471890222
195.405297093 3.08227542082
43.9823875588 270.26944422
49.1840629054 227.215615652
170.433084553 107.498602647
241.11553197 232.015433953
214.65838593 308.74909971
145.472820788 290.561491674
315.374231762 366.867847566
70.3880893464 212.143326415
139.564579102 326.462025301
61.458424791 125.904924589
144.97204609 240.250056397
225.503307429 13.9827125161
168.350982309 179.563295619
371.795563061 187.578487738
266.975962187 61.2886712711
52.4877218136 172.973902426
376.692661123 146.878965288
128.531493746 319.905878317
42.2423106869 244.34273417
134.47491077 67.5187418653
328.896842411 157.197544027
384.671543025 209.926098421
153.208529875 141.506150079
250.056059333 162.929009311
245.551143155 304.188280807
228.806608388 376.679268864
397.382297553 252.706056668
77.19096364 148.299254354
117.386581953 374.072557799
259.264493702 188.107831734
148.934231366 278.919789007
77.1901640277 154.930120871
266.697954002 318.781666759
75.1493150674 266.470939772
325.935189321 303.392731608
216.933443396 93.6150686954
103.522796271 357.575271472
378.260554511 282.211048329
189.845393016 226.778894968
118.830940058 325.819028544
50.2379259051 174.940061179
121.427045845 155.012376715
396.442404966 169.497588461
181.006285159 81.7852041616
213.922833303 356.814893395
302.32034837 199.552069018
177.006697715 207.240633898
172.547319343 297.896379421
157.77467375 377.018073527
50.1382704999 289.463140461
145.419431467 193.881958926
71.4371834429 205.199341933
292.38233802 354.077424128
322.768204502 280.226797522
179.529749207 134.956059676
260.881229331 287.713721756
244.070134211 5.59042064402
206.521680742 190.021637994
129.819648999 200.264636083
150.220177983 155.348234443
339.115254277 191.790468494
140.156757167 308.447236089
152.661066361 288.907983829
274.125824455 210.907746709
183.16888012 336.521190248
176.133846691 346.006435993
68.8693563804 240.127163555
92.5667484799 130.969163184
305.334449863 92.7842432221
65.8720902998 118.241332697
124.217727367 367.723640239
276.8362217 202.013542714
230.246384316 129.119865835
87.9477494193 359.928228135
365.758969213 203.66007905
97.657714634 232.830024439
86.3024907216 276.669577459
225.649848812 138.247786305
226.632794608 264.675623269
387.460850367 196.619117365
234.384533692 359.367784917
168.455909982 250.959154377
326.754103947 339.660985334
212.322600364 385.65438092
252.875205737 58.7788150629
142.322394645 260.085378953
391.92748408 215.830058207
327.583864811 168.576353165
334.44448198 191.190580316
158.4829433 321.443384652
364.408202903 85.5683230744
379.481263267 102.550696313
156.196828433 109.807349245
312.566713402 137.463485096
172.815469809 32.8812073316
120.571034056 228.644701358
302.206919243 195.135710791
256.707523902 186.103038179
240.205131103 113.305656489
100.217505644 233.667725243
142.19261825 179.963954202
43.7450994254 88.7270369544
381.494495414 243.854516596
78.0866805701 255.573472304
381.526078834 179.092878325
244.444972416 191.541693136
297.720258233 162.307121181
161.373211531 163.201396437
152.966422338 54.7646054302
198.779748522 230.653023143
254.26504021 339.326602572
115.02360532 297.346668816
158.706605001 323.027766517
92.6335252816 81.1535406033
241.072016148 147.498870292
250.347185389 138.367318801
325.102476538 313.278663508
272.533255951 328.516040278
68.908047611 87.9195760943
233.917006768 191.354281282
104.854964149 203.758645616
243.219558824 297.890254817
165.107291436 260.948313385
228.464585859 255.465103035
265.56682303 326.689334162
339.223160365 171.749880081
24.1081154003 168.170196305
259.096119757 285.302847931
151.593655355 89.7855295868
255.8372719 87.4601259858
122.128509362 187.386661587
350.637086594 300.353941477
146.916711141 197.152465512
160.290783702 27.3849002452
333.596742792 51.4582450744
245.999462696 317.734700685
264.912904635 194.02569437
220.856085958 155.05162382
140.078111643 392.76812512
276.002409473 296.132155459
355.849002497 261.442994758
59.9193626831 161.250965401
175.145810159 262.171904363
3.22052699116 196.126959522
15.3660532723 255.626172226
105.430270631 213.988765062
344.810246963 72.9992723578
206.393185148 98.575969851
75.6131388714 290.183138652
302.258659504 373.560687847
251.60190183 163.748855999
302.915113137 226.388791103
378.396019859 273.952269705
169.545860042 53.4157348564
291.647120085 269.964724392
340.044236832 123.741030888
111.510073516 215.411971119
173.622685455 44.4272142445
247.280370201 331.459367154
189.217793335 119.739380562
178.596227208 226.162870484
358.012410964 226.337785348
137.493091682 324.439899258
172.547131448 396.522434764
41.3500973426 285.976285174
146.634200904 274.714210624
198.231288673 234.782969479
144.553344409 348.463445296
378.531622835 216.709585592
340.789001816 113.97070654
223.523015653 355.878852901
401.65014713 243.055345909
223.369783964 356.647396184
97.2908809668 232.437465706
346.034271117 285.903218649
136.266290234 128.715197004
377.429007312 274.60152473
153.130585265 39.5782626448
187.511615962 303.98455029
34.6775377442 106.848096627
218.182871181 60.0013975042
149.143419961 62.6650472414
151.217359349 65.3966457001
354.852303907 183.622117344
149.378670894 189.089868663
135.926559151 134.083371734
56.0646128069 235.234667462
288.49614003 293.160023853
265.637888085 161.276855168
209.435653438 296.051569712
113.668010238 259.079869214
288.096261315 251.404930206
317.156424837 199.639481619
225.403135334 197.701541033
307.110387249 32.7141151825
26.8252431519 147.037366309
153.553943756 241.482930705
184.926081595 403.986315172
372.287142651 257.206227033
33.7108948573 169.713220644
319.475836863 328.345453245
141.319799879 131.803093806
89.9688639571 173.618820995
312.273896688 155.165687222
304.244318685 31.0313101949
136.716323756 126.673254225
40.8804308649 299.29520877
228.463693202 120.172758403
199.252979564 202.291142924
233.778772915 212.879623063
195.927528378 83.4078554607
46.2342404786 174.360939404
221.995859766 261.226912975
271.606244263 120.960694923
205.459235666 91.1136042317
148.622429852 259.272911485
73.090862242 251.244294249
259.072345841 243.783170635
319.881871841 175.977613288
182.465348396 65.0044245837
183.478990294 24.5938666922
367.248699361 113.904456194
164.093446144 322.317056268
276.608539374 137.952820402
267.552728975 365.300612201
328.703736043 204.876251227
225.296868684 124.833245685
212.394439829 114.288206999
230.570565791 251.6611126
311.793511334 351.448275754
342.461176599 331.873258104
399.812234541 221.227782819
183.343710793 303.377068663
136.375397086 83.7383613064
177.032257885 65.613364484
181.052060008 160.425127108
52.5600781141 223.670686498
210.893717555 228.564289773
324.73692377 234.206220113
242.343131818 324.569900839
89.3144968922 43.707870436
215.625991317 294.79142792
71.6185231433 352.98539461
276.489760456 126.657605389
256.718596489 230.234853248
212.581941373 164.192817386
353.860407914 126.79037275
348.284804868 268.727838444
35.8625597494 301.52790778
227.457883866 177.650846156
257.185531833 106.282876529
137.305981391 346.365154316
330.02053314 311.837279646
374.253603656 160.536279425
137.27366566 287.679723935
385.19573485 122.303972103
372.070316522 226.470192294
374.184915684 267.346605666
289.571534081 154.736994942
86.2351167171 170.023133101
208.497895379 220.972501215
319.294177481 349.565369878
385.974752839 133.188806682
189.600032711 234.626668134
358.977691083 112.390831326
71.772933749 354.557672537
323.318697645 213.582755433
109.09751283 345.109435769
231.918994443 388.569474886
222.447889175 272.244037232
241.299637763 177.59666738
173.495242681 390.479603158
228.971275613 190.046900454
171.606483235 153.339366878
105.226142282 346.21172199
105.675090603 142.920610327
332.324459258 195.715375695
99.1102953476 97.2038075575
401.330787771 203.315881344
131.076679444 234.926964525
369.576453513 180.362904262
166.941515777 324.941205752
373.145155372 311.630772994
35.6580745086 214.604953107
219.14279334 158.358336991
257.417616532 206.579220463
244.643997661 159.431395002
305.121559523 327.924554479
319.853287241 249.502878474
59.3615112727 81.5746812195
49.614779418 147.096830675
384.514818405 166.190995207
159.589534587 387.407285999
15.4677076197 182.811830646
182.196669373 62.3510948052
230.707800475 42.2342071954
378.680911626 208.509437177
336.158997166 134.515957135
28.7859739676 191.175898094
273.17762966 70.4001162538
52.764325148 117.172940386
245.784484563 361.762790817
111.361315742 253.790037728
239.814291863 102.219458431
329.441485085 61.0084436929
100.012074815 255.006772791
29.6879022946 230.795878427
180.848035691 40.9115901339
305.291795561 234.478154428
88.8612381184 111.248191441
177.753679431 71.7089662286
235.71039331 88.9921413711
327.947727265 276.274286844
339.836097521 286.471962181
321.570425792 331.472608778
278.491971946 17.4118363861
317.853822279 51.9345607474
238.042009625 69.7766843178
128.050529343 379.899893232
168.190965566 256.898389548
228.042278838 323.61402179
50.8848434936 239.43271751
286.310540507 152.084226522
259.443379059 146.763347588
189.698099759 40.9845981045
267.577854543 165.336898928
356.457085794 207.023365992
259.367041775 143.283239226
296.406574097 383.39847384
350.213487018 149.000013272
368.124692646 288.009976241
234.203990053 53.2122767354
141.016735637 65.9444686031
174.068374553 232.545560118
278.195254126 164.388955323
314.785349933 360.711220519
245.689147914 82.4974274144
236.510809521 315.10653131
246.998933227 384.945063585
177.850550637 22.9187716232
249.732608888 131.098508523
299.686607655 230.941787088
254.301497702 114.757298777
403.630291012 202.410128088
264.191148591 324.25822677
213.427212348 258.463757131
301.438764358 251.763432368
107.344259398 363.169760864
147.469126031 116.921420429
346.452948557 167.117380548
204.077301341 308.099037174
159.847364626 181.023319021
158.685344525 149.754814497
238.876134542 148.443338713
99.5889744359 365.30314985
132.334959235 24.1912357781
281.518579402 100.487409269
165.626691923 26.4859927309
40.5542520177 309.079387529
288.464546866 238.166864091
47.0407543974 328.992210333
54.5897282934 298.035577584
285.153761447 130.983550351
389.782985433 218.358867294
171.79037965 205.831297972
230.288744866 284.142186759
278.062081518 65.182600526
175.400303806 178.912231417
203.208488331 254.719759366
85.9063560848 300.555272595
7.49272476188 178.149697627
370.14820781 185.128070626
122.458302976 198.002203313
118.406229196 248.243304479
323.693770182 311.239030102
323.511630099 264.766226092
243.994010488 371.471593122
81.1223043346 126.811161284
217.558598274 370.322412653
363.495927454 126.511564119
142.339017193 129.720379893
40.8140195012 174.583858908
209.004706477 74.376572916
269.447752399 121.265401085
386.636411294 180.707075078
155.261454795 311.698100595
340.925624283 353.517086302
314.58034569 36.6208825962
359.550848154 262.511261716
251.149159284 40.4476255867
216.119590338 375.412070286
148.550282302 194.002070056
120.602315961 167.954600232
333.494332797 120.198301906
208.270767965 70.9406382932
370.299499833 323.632584427
394.242840615 158.553582478
47.3893370663 218.380505383
92.3375258298 92.8076069173
326.805908199 330.942585497
276.322442256 39.9559206797
375.783118718 317.4553973
345.381917033 240.322234006
248.175510229 312.181503671
310.140646101 104.204581948
319.755649694 207.632022262
79.6436213863 86.7361297302
311.603166127 246.511612983
40.9327870229 131.489824125
357.822097934 99.5771661454
191.414868578 155.031777905
249.176913616 191.202667657
305.152853545 207.315440211
277.66364405 137.52264053
208.594924721 307.800288596
407.272536466 223.735909736
115.077730846 296.05325199
117.74371507 61.5483228324
161.891614404 301.443237764
161.265801025 346.300807916
202.791918252 132.550584018
26.6908084971 162.587052772
173.360500861 396.932810692
76.329103397 164.654817857
212.005044059 32.6680021897
278.584780007 279.573165057
260.480351676 357.627266013
379.220042289 174.046210651
120.50956003 114.500529154
169.579168436 241.763303026
296.365142582 287.150118854
178.376569095 336.834296492
228.22723124 303.62083351
225.854387225 340.67372497
161.652703055 122.458699338
168.396332496 161.586878203
51.4829232463 188.480031466
2.38538225644 217.590040018
157.858148286 371.188922966
304.362077416 377.312644264
187.671560341 323.515822927
165.452783402 342.018372251
86.9412145144 238.763444485
53.2428263807 95.9820487322
167.066257456 167.351108092
138.156183206 133.318200774
236.495883393 34.2909989062
275.909122743 311.716496293
124.522206526 94.9283247189
151.913142291 245.475757594
284.473144372 363.084234296
137.636954212 43.9238914322
74.6408100713 131.134295349
139.716301819 252.017674105
352.694679931 120.149445003
116.925811861 128.7109615
309.883285649 349.362105754
339.09006981 298.10069846
352.893540773 96.0208784001
22.0037342774 169.823855858
168.853055032 161.825272247
311.125543237 39.3424128131
59.3063285404 154.105986508
72.7063348188 252.064040854
109.431683038 209.319456628
240.135548379 105.762314928
184.168989011 94.833134609
309.523547105 252.137014602
254.293412862 25.284288933
291.2318533 33.4752568172
229.546559506 256.014891282
156.813086911 237.096455832
218.902477207 212.262772013
393.309189996 260.618127679
215.017187258 374.779281135
121.30032353 314.091726032
279.240754943 45.1456272428
24.1231411861 230.13237429
132.988388048 47.2771545644
368.799660405 314.956429945
219.555965428 6.41763008078
64.8399677393 264.519611608
115.043686361 238.367137935
52.6774072924 143.066719615
372.980433116 97.0897430747
90.9896757165 358.561396236
182.707239042 297.847043027
254.991885899 119.328991937
138.685991795 209.19009605
205.854565477 378.294829965
47.7408551527 88.5788646905
246.165967235 233.760792978
269.559465597 310.866598879
321.391045709 226.071407175
82.2271643046 84.1534070427
154.03345863 317.292511025
205.862639653 15.0981620971
138.875616707 363.587433337
260.237185286 107.03063139
391.035588682 238.531815474
255.596822111 130.56062226
388.116124733 214.709004189
354.089017014 215.5768221
97.8918413359 332.206221167
211.327559469 310.061170541
168.827710173 27.2630478287
181.595754003 128.938457442
23.8684531578 287.483336669
143.646739668 306.549737163
169.423015841 136.71811385
134.550575049 125.546582604
323.725583868 157.038473843
81.0597060846 311.611685927
230.537875634 182.383067484
269.758993563 223.718430528
102.314419925 86.6197613185
209.857945494 242.691993401
2.39741255926 199.50975777
314.067269704 169.196928957
247.931110937 212.479534892
266.103630934 289.883034341
52.7937205459 139.520816082
122.828102682 302.279685821
311.57579731 259.590795236
124.161243356 368.428911103
293.905553605 364.537228704
337.82887561 240.102039003
79.0985681738 50.6318822582
212.534449747 200.628951557
61.3133127984 208.323637572
329.836433953 316.537394746
284.528523213 328.293984346
89.0641246274 327.795792125
103.895578838 161.994438818
251.363823744 85.0951708672
333.918133498 46.9682257794
154.42726733 166.960032513
368.368533221 266.196724092
45.0817084641 194.862145366
121.836394444 342.499153822
121.176192424 324.145666197
376.219319126 234.478645652
223.346464996 328.915048563
348.890932862 73.9346103333
81.2671833185 274.930893496
224.26263464 301.021350444
159.136416623 37.8808906552
381.912227602 215.161924839
370.40768451 250.881345705
274.24612069 306.872698041
330.631430245 148.058554165
292.894277272 256.402972191
110.766989052 28.0451994584
117.599260361 199.216747724
117.568840205 307.424544904
197.170142121 252.687059995
89.151623242 51.489659105
347.430763069 322.552709346
258.518454818 383.512502483
305.439210859 238.784859912
32.2078788873 131.101650537
329.474698597 132.482064582
37.4767888193 142.269994634
135.044976333 168.650242673
63.3909444379 199.563002642
221.202763995 247.783937468
299.173549485 376.123069812
155.63148148 399.43967826
34.0027749389 168.522402218
100.02357591 107.19845173
132.678456736 355.936144534
178.55898045 385.274394864
339.765108836 210.374572015
309.199915878 331.9532286
162.519412762 115.554768488
110.087644403 328.8831995
162.076678851 86.1926446164
47.704381355 165.362471112
113.519308697 341.451745217
158.417760095 253.878411851
79.4539266162 133.750538096
185.473704087 343.467617486
249.292685018 116.38908632
81.686308131 360.045530385
352.155823478 239.946329745
389.005669938 160.675020565
151.507069484 281.3236237
237.192213961 250.575843412
231.418318614 325.522871089
400.827974942 236.737554743
255.838752397 21.7075849696
321.437980318 273.584590425
175.110643626 150.673053122
142.307939891 326.67336941
390.857753163 200.886342972
63.2743206963 126.410074667
257.236214844 31.0187005172
252.372405031 116.026717524
262.568092773 289.544855681
305.824239528 317.442070086
111.031953338 192.133124558
190.926591906 294.478999267
345.863200985 336.851719338
283.460904642 346.486193165
144.126190474 101.523068012
207.334546092 120.739766044
284.163585024 284.909651561
278.716067378 168.9509837
201.49846959 301.685177769
31.7380755303 199.889927134
14.8013858762 270.607520236
63.0661912312 182.143229791
229.150615902 104.134776087
212.412530364 238.219714403
355.924477194 139.376754612
186.396828271 328.295953312
97.292564951 52.7673393113
42.3998783409 321.559038197
275.898848097 234.243668964
305.696322181 254.690648119
5.80037862502 159.625061627
269.851527909 112.41955453
396.230427173 265.239964286
289.685019477 183.738903856
240.822532537 94.2892857593
234.203632439 155.41917567
257.315487995 325.257138387
321.25176206 173.106086795
307.378290333 246.972156535
263.584141736 160.228715889
147.566176839 282.032150253
124.744105683 305.72358833
113.982885149 64.1099600324
80.5211234379 233.623433339
33.0503352609 98.3640112532
154.110145262 313.120587666
36.3769959091 280.804673327
121.460151228 22.2270650712
387.657562935 279.279432849
105.541523806 342.672135885
126.361033315 157.283892984
49.7957383081 264.436471781
360.926176876 336.56141842
54.1874535316 143.175527634
247.158190376 206.987601977
61.958610039 321.249470686
158.710515335 360.182983211
236.294295902 139.534119042
350.041791979 84.9298370078
58.0849375459 199.199568062
258.698766816 205.931335428
324.847173832 359.610823964
394.101074032 214.230426697
78.3796461762 65.6811020917
359.474644149 107.645914073
188.930670514 54.9054834481
77.6350914614 347.175398525
354.382935813 228.141266466
95.7181597918 113.152889956
80.3102277587 340.164188734
378.629436348 130.592063646
188.777466102 10.6204640363
277.469556972 206.910525425
282.325846239 283.01721581
227.325617087 204.006985074
174.800896225 231.308347311
199.374019738 184.091825059
279.953244049 266.135853544
85.2545533736 267.726689728
368.326401407 319.963116535
258.318328766 74.591616196
306.855062875 272.58631603
388.328241211 167.460691825
198.454784339 121.818131003
52.9653285478 111.888347386
114.763453128 123.786178521
165.20675406 60.8725069797
201.116317416 33.5920282415
73.5217464171 315.392331567
252.044059121 322.12492855
361.525552606 296.883323328
321.95209708 58.4080617031
400.339695017 150.756246734
122.387323347 50.6366358729
225.247245423 40.1907995871
265.914767497 391.071999225
286.920978062 175.100555408
156.378875305 239.164298865
266.577811438 285.458468135
189.076250309 118.461855221
358.363160513 261.532102331
202.057463372 376.384071423
174.427632297 134.204805427
82.0269006546 300.451220215
154.544203389 210.054392982
285.16535619 19.2304750089
95.340316287 49.0309344816
264.199718256 101.897253135
251.916410083 179.403312395
267.828556114 366.999150569
125.630686544 211.088839593
104.975635174 206.855422086
391.487034532 208.634800645
170.89716585 380.068715019
77.1385270851 354.69839325
121.125625775 179.852073186
329.388380716 342.380987993
169.571933008 309.825751489
121.251037222 330.254462785
325.119971603 261.144045312
225.973963697 299.574507061
335.347641474 280.582161316
165.725275621 142.829419706
155.339263388 58.1620055921
202.580483338 70.5357632474
313.461895819 183.46314527
50.8870789596 114.595693764
152.935961061 229.607259794
226.256118205 92.4707479679
80.6057240558 136.429295617
289.758359246 68.5813276263
223.253738022 130.600779891
29.7364040044 120.001922351
286.974137574 127.778434558
294.027715937 296.791810364
208.947646418 312.595037221
318.98897054 70.0343044006
35.7021407251 291.412460712
404.030990305 199.386178504
225.789075952 87.9881309673
358.589946162 245.586827338
316.241003794 207.299738182
179.79889671 398.061856006
18.7420980377 151.681430871
48.0861101256 180.626480185
138.787462648 281.116837251
314.615123372 156.25636237
180.909183092 246.148798701
170.55418377 337.105561118
330.100929076 240.582473062
273.55929585 76.9128541064
217.735351121 66.7782835296
301.835369854 381.646156764
192.111449729 4.31146184086
44.7829377114 145.305882289
45.4714493984 283.832115957
364.12354357 213.912982224
9.56654156605 245.881752214
371.730545203 123.533489238
50.4692047066 125.19679456
193.2195043 46.5201009451
396.225591523 162.367423912
112.967655748 235.510843927
175.756764187 281.181056833
73.0897779853 112.62655462
233.121936935 337.861193554
314.60333657 318.541839734
318.058137187 229.077898677
330.256913339 116.658537636
78.5464988203 139.563784311
252.787524795 39.4162092189
350.781967662 249.818138732
365.073527887 170.538255459
199.967288429 192.418590133
253.550842577 61.0660388852
338.512610351 131.148705461
224.841732994 120.082032834
94.1087785644 213.973654479
158.597119862 357.210344843
128.410439363 72.1957968824
120.680592586 120.299910744
63.6037920846 141.169194742
169.482293992 394.957358118
262.162554061 108.123169414
61.6431909604 300.690178147
259.544505427 133.019885914
394.851158296 239.721271497
99.8064967249 163.84968779
322.138961481 264.012625464
23.0718100296 175.059056095
145.340670714 207.180867251
245.198955773 185.911796791
306.781500937 374.468847763
333.869506816 286.066022387
123.226587228 385.749323938
225.280745421 83.9374678469
389.916495613 167.108924224
88.578892767 184.018220417
368.986808492 320.098844238
69.0624970338 283.362581839
50.1711674747 245.747112874
142.284804437 345.499000427
71.5282828463 303.095710445
109.768400223 112.369235505
194.708235945 57.111916747
142.151088369 141.699038968
306.785881282 66.7844957092
103.361767034 306.119436433
126.523282309 25.2548494537
179.448082366 115.558712531
187.467040931 122.21944051
360.205893367 152.728786983
343.975727002 292.487973523
118.403108726 377.696424483
315.720121484 170.644232856
139.013844196 342.278809941
301.600059804 255.966137132
364.838482935 263.572993483
225.154319702 266.390219886
64.5293419315 255.879527043
214.630999808 121.211295569
123.673639367 276.926620233
294.024011231 359.071449366
189.41208358 234.756679827
344.965940442 296.737278344
408.559721972 196.074233318
58.4790279064 252.915169754
344.299945551 192.74266374
27.9790187736 197.822926553
118.536420984 186.529896003
226.350200361 292.032457147
193.180151625 203.469254834
286.659508628 70.2473128406
53.3411587405 144.599476757
267.948680954 167.655497143
397.179005183 215.577955308
184.312895674 246.396054481
166.890294298 349.510541049
153.866635957 232.274364656
298.369080096 248.530683199
129.237336776 38.7345189932
274.203141597 182.56039615
367.157068698 168.686317292
255.229034229 142.662759193
321.723325761 108.295407423
239.197260067 309.154019647
170.202794636 46.3291344447
116.182595293 186.841066204
286.8009379 342.361351101
309.894976006 229.808945184
90.0131634485 156.800705372
174.811464799 50.2423567214
251.150506365 243.577117329
248.251468863 167.924675847
171.228254566 288.948504183
330.770009214 346.966002075
143.331665528 52.9491584357
142.574529371 35.1767915597
160.969373091 92.4791264717
92.4407451236 357.030378376
145.833665708 247.33822012
336.317982502 156.830452329
245.335855427 330.466635784
297.74658065 134.963449149
57.8071088765 292.691570382
314.075203316 328.370933967
152.035361716 75.5590845377
79.5550380118 329.83236714
112.877247497 278.811274883
335.314203266 229.127593524
162.182773461 174.017151898
94.7333013941 55.3704330471
238.710556996 374.482930652
206.980249693 66.2557914783
353.43409356 309.660983848
351.448235459 250.036248941
99.1507794339 321.775897836
165.471349069 46.7648288084
228.713945574 83.9511875312
312.342898725 31.5310607804
121.189827992 372.599455487
100.889461724 210.829062299
186.338109228 65.5639619454
21.3665390263 267.74025148
190.627479278 248.189144529
192.745052366 303.930192096
61.0062846158 111.548892839
368.96956022 316.822441283
325.484971479 56.09231917
333.73141142 284.052243743
375.290430624 95.8639038963
338.862310408 91.9319051414
256.42807802 279.503078129
122.862550625 335.860371981
291.737378963 375.191007757
33.8831403245 264.347014902
373.749441714 253.870929494
235.066406018 278.178884602
117.329557465 24.9919245823
373.765175699 100.02068972
83.0989897033 104.837751123
384.947709016 162.003798196
250.340763962 58.2140793438
328.113557189 43.9325661411
99.9846245433 50.8422204099
164.095454553 183.800942565
298.068989892 266.785627295
178.709263473 348.646831105
124.252447494 372.82446698
185.199438634 392.846592727
310.689395284 300.664955074
235.243943463 49.1070193058
401.398757334 160.988271583
294.376153012 191.797980062
298.072753196 174.744007401
294.553166586 114.138365628
25.1415740938 177.789742142
227.043092687 394.171325045
390.461064169 262.082788176
182.764456519 168.984988393
156.549469643 68.4276182364
365.791079085 167.319726761
350.74119832 183.162185525
126.625405552 257.597425158
340.359802268 65.2016634945
143.547565135 162.939592744
49.1403415031 179.168708703
67.9411651284 151.83016271
221.100379813 224.097823584
383.154402074 125.138632913
294.926599483 25.9781948462
316.538593849 199.793322115
198.615412632 36.7021675889
384.102437145 114.271234044
393.676895083 252.787384688
200.376351673 224.740870302
203.609796671 82.4149906396
271.465148458 261.151908192
367.99635519 326.563887433
218.067678107 62.1981548539
65.4676631867 348.676658291
253.870626181 289.776521683
122.216119646 228.92757656
25.6555276479 240.309354543
240.943204457 330.687791157
89.8024583684 330.432071469
118.730759308 354.979935752
33.7361458665 251.668355726
330.273096194 140.416400978
139.243729264 241.677738624
238.319037224 221.955414345
395.595089735 206.076704072
266.398216018 337.674399675
127.208606898 30.2525871752
250.698256445 116.705660131
345.534502218 92.9360196304
323.567817577 360.118839552
165.081741229 166.971934693
342.937053048 61.9581070514
50.4002343433 239.350872223
214.516258428 13.4746069348
313.922862842 159.405732744
357.659548462 243.484209658
296.087304006 198.436655493
323.397971743 224.374253979
200.198453577 139.523489774
302.025540763 214.970982499
99.1858697833 264.624461274
230.028575221 94.2355537196
175.211199686 219.537963413
310.764858021 73.5379386879
189.697561977 40.3631260762
86.449957648 93.1316267997
85.2387014276 145.966715492
408.583445296 188.044973052
364.494763543 193.984131847
324.130438165 324.807701182
389.517768426 171.627385024
87.9311298595 130.306138714
263.115770747 236.236693577
140.896517251 183.499401369
109.825432286 377.20849198
317.89033424 55.6415539603
218.745924389 72.8735012736
61.1994488787 343.773259
223.34967576 59.2682013211
267.575919399 66.9572505304
13.7336169111 249.962282148
289.12525672 163.010952457
127.22236775 71.2984952577
317.302061148 170.923096423
215.038100998 365.116604362
327.064329262 73.4117535214
115.087024684 187.554968842
168.312113608 274.894594688
124.434213232 253.420148436
264.391923651 31.724757272
201.914364873 197.653392272
208.563401882 70.830638799
165.245849228 24.1084716439
326.019537351 107.893630782
144.389989406 77.170395012
156.810954636 99.9144021317
45.0871525112 166.143925415
104.319419832 257.799753315
306.966115185 79.9866583323
137.296754366 217.984110983
104.190876001 197.140369292
125.953555305 200.402694561
173.180735603 183.920838161
291.787789248 317.12884543
395.796650304 207.399445676
314.111963894 345.434923734
37.5309835219 272.919400336
83.3243448611 262.226155011
194.990053111 337.048345232
215.528017299 285.01676334
229.272025848 35.086859332
376.998404553 119.907608409
127.281999353 60.594304661
56.6569060066 279.950500604
284.415123018 290.992520527
317.185191645 103.759709259
184.871210657 105.581752836
33.1618096691 220.456093272
304.768915556 240.582552154
393.702794623 260.871239674
38.3211038102 304.157819339
53.943493874 235.206120891
269.919332879 378.557820764
45.9161862737 88.6770180932
5.73085230854 202.95359939
100.290810443 325.392750654
188.355164995 40.4907771775
156.764428873 334.283141189
192.227772397 93.6420749774
60.9661126607 117.852270695
202.295104348 123.305881891
314.90787219 178.626069422
239.055226103 280.377271486
153.410698323 365.738748049
223.053586078 397.134846556
323.107835862 40.9610736961
340.62745187 306.164274685
293.32437546 112.953383686
241.602346556 166.919840567
324.635230068 93.4124519061
135.064898519 95.3720320519
235.600299174 268.981870268
255.133892599 195.190692632
48.4788485887 101.562461144
120.945611703 146.122285242
161.929789503 354.427337309
40.7246683369 124.26189166
233.591621926 381.566903523
252.025178686 190.173331217
351.449868614 338.005397405
383.424679688 149.588957091
339.785858302 346.162469338
266.384965677 247.984375406
396.096012831 148.89141327
111.977006015 230.904467041
300.194389207 336.650147275
241.243615245 317.349487013
207.030367622 372.519893503
225.313633055 307.894292444
303.170016861 298.763185637
107.745045867 138.740612734
343.643428811 145.245098725
10.1021597703 168.146886706
163.844747647 362.644200959
159.558550675 157.489032954
151.963567151 305.258203509
317.606131228 193.870821262
106.595283103 171.217629807
250.131653792 31.1548248602
212.426410618 302.394239707
392.570194651 283.948216874
236.488035488 406.805117774
285.530494364 107.052492538
150.279216717 193.539188278
120.935627644 90.1635985066
181.840265474 92.6881720582
252.85038541 241.468119477
73.4657565104 118.063922643
58.2287125665 157.669440841
270.887295881 74.5463093229
183.404976817 4.17288128262
144.71930013 195.131274508
332.155477349 292.253982464
157.511927415 162.614718066
286.184354883 120.420694847
373.064784653 243.951186444
160.175232775 60.7572248147
50.8632230965 132.105951051
340.986897218 232.509436519
270.347732784 159.912697665
90.5542680518 341.201555687
240.410280953 310.111493397
374.202358399 186.056027645
33.3693846415 140.122395644
375.256414352 286.206555129
338.441805745 81.951749861
146.291796535 87.283789315
162.683890711 70.4967380415
176.401800215 211.200065792
142.078778016 42.0717562596
314.282408439 309.724477133
151.190127683 338.068998223
98.6741018504 188.64678907
60.9413017074 91.8230243945
97.2383555115 216.723352636
179.726563027 155.781928262
257.820024549 186.920153717
193.818275775 27.4747605327
114.866835076 237.00564336
61.022749576 208.507300524
179.018336458 80.5089976164
160.85100027 201.619251551
358.068429571 239.576032979
13.3912642597 203.650017138
308.793993883 291.071359149
141.065515945 392.130618067
366.997644125 314.598467179
18.3485508411 235.520557177
89.3121948841 273.064330123
240.558342444 336.687074955
43.6140683568 132.160565886
317.214323027 197.383002655
108.916398179 348.124392676
370.373158327 239.961807897
89.009528169 372.262914836
286.473566946 174.486390589
377.105941862 301.565082321
179.900403537 31.9823801321
314.332229163 337.551252863
248.840755003 259.554773262
178.253961001 106.505311082
44.0716899624 115.02200245
230.504820961 104.11319712
57.8935664293 286.715757713
295.173245939 142.55410853
61.918371991 97.6499712254
177.896883123 181.608089551
177.186227409 325.915468928
100.379039666 371.515165652
271.314449644 378.268801418
197.176536214 125.148639396
219.25694319 136.545712856
295.540226334 166.211300263
95.6601448902 124.769667052
337.293516188 188.609796835
234.70662697 109.887221435
198.078074987 404.410387314
179.169966208 129.044127021
285.310964026 165.122259706
109.680888026 235.674036163
249.708444824 319.32670687
66.9733594445 218.79447349
200.957288037 401.534654073
185.74017485 177.33109475
175.541323182 256.494002966
289.076395954 134.506563214
77.2039800642 47.0465080854
227.773862099 116.935147322
138.864254821 29.8321817607
184.373286586 290.407869428
114.754751553 236.9784152
237.00633426 183.061857434
172.358459563 366.231564428
128.312457433 140.960361047
148.151714513 179.578295391
154.921182827 290.696145241
302.92222272 175.763490333
358.219191464 213.79149025
79.301830023 159.65233224
130.892227964 101.104495282
104.937898713 69.5932613616
86.7765099977 221.090101338
320.795085879 45.2738099217
98.1316021759 250.920949677
199.985269395 135.476795918
50.9892511998 120.286888011
175.675146984 152.493414425
304.69376235 351.221247182
370.902754627 201.004044633
4.34535884059 214.159975031
316.560526528 377.078415749
162.085746661 218.933221833
64.149910097 131.630659905
149.714404959 10.8414745216
127.14778153 97.8750865956
318.102081877 222.133071161
252.572949234 117.120198115
232.76253061 118.458535423
110.867374261 135.622037073
197.281649831 55.3198497586
52.5132816295 318.13820993
226.612360422 137.364459842
270.121712253 317.32015764
308.100062367 61.0532635806
229.568905168 259.283965011
367.307580052 98.0279170757
270.573171429 53.7341739938
88.5045580009 86.3819611394
312.734998569 48.6225776249
277.248376508 327.156328571
131.92652741 63.5168732097
246.033653182 388.394807023
167.680125949 106.525428773
390.048525745 165.482970446
309.663888421 218.009429295
84.7060191506 142.176271146
151.514874565 143.07166416
231.157468523 6.76168924496
220.94688893 315.130577097
60.256783416 140.808851068
271.379930907 33.0645675212
179.524652539 362.338481058
128.878876582 140.058612323
309.82538275 154.061483051
9.11981708829 161.742297816
50.2571181515 196.36680085
128.880926838 165.766778897
168.349699181 38.2956007129
252.252983838 145.357499012
72.1477240266 133.802411125
88.8484594371 302.985341382
62.3308444941 111.395354141
120.604748179 192.899953182
42.0445535241 107.527267283
44.6512686038 315.778049893
222.411447394 166.674814916
240.436785518 41.9962323921
309.892608764 36.3332801222
347.52629957 318.78051966
140.539987764 110.69999062
172.238034792 52.4231855178
311.517933131 95.8620785557
188.252368505 216.180342222
14.2596240678 144.973416975
152.414903934 298.872783713
224.043349443 258.666628238
187.78530811 347.1813948
78.2334368257 106.644780899
235.280164926 125.94452993
283.286379698 189.815771711
221.868782837 227.850446381
347.648134679 320.827570505
176.510379258 96.4051223993
249.254478098 15.7396490859
50.7947205313 80.5683754779
103.54779629 178.234341985
245.714552207 294.708259766
199.13455794 45.8528131882
225.902192274 360.160282444
362.241529073 141.821686075
140.013185521 135.552392051
94.2812984152 81.7351957656
278.385549841 199.578699057
112.093116393 264.046842041
403.701540139 179.895370001
81.0003565726 173.529948648
340.675590919 134.78675789
199.627607406 30.5249206575
198.309115914 372.943549963
77.9091565037 312.978921521
265.748134296 126.382030265
370.229044378 212.700508799
287.260810597 285.641985576
356.58808716 159.50271013
337.376459451 335.753482137
174.478342917 23.8027619548
336.956436578 346.927405753
279.608247664 248.171274967
133.933913754 124.642273631
140.010341788 193.58622015
128.960713934 98.552142017
90.1959628699 55.1000427859
66.9322662957 216.720667404
353.192751808 96.3708678416
165.69783367 135.58935714
397.713374003 237.28169231
380.793899923 222.450932257
127.959760454 125.892923137
156.184052328 21.4623644743
52.3519648113 78.9910483479
273.961319557 87.8011105393
359.821259333 322.003053751
72.7633909514 162.369739771
343.932291488 61.6580645483
356.763992107 255.262209133
131.031537381 216.888907376
205.067368325 375.924057299
54.1957288881 276.796162133
310.177661957 213.043694391
115.044853403 329.995571967
98.2108152803 52.1049649741
170.677347841 115.933645616
213.03790565 394.360345518
239.825682089 240.885085422
168.041339678 311.423211028
16.6191295115 189.682553614
285.549127883 308.028787852
142.351354015 300.709973872
246.858493648 195.13237963
368.139153369 101.477618504
173.60721596 48.4511942832
264.382221564 123.92705809
374.835791326 277.377574129
203.998815541 173.370773849
385.770319221 279.544641385
330.434092494 199.436784498
376.192663521 164.103389796
176.105410248 242.550933422
64.7640906565 232.459427452
223.809303953 140.049318146
75.9837165902 326.329921882
33.6136718081 266.71859872
83.6348641001 62.5017992706
162.084351389 341.161934589
124.30988962 350.790801232
113.33695342 208.557185562
127.341149543 212.752087841
258.991559576 63.9782226494
29.1136285985 265.142250891
271.843132004 139.371822245
322.408428356 121.35285604
166.622336207 331.374644004
152.709081037 202.791626723
101.227150138 61.0427923474
363.998924957 92.6119628652
397.468886875 239.41585392
86.9217490555 145.394264142
287.902830552 167.226315094
195.578695899 26.7726989396
96.9044794779 222.958732451
160.430347913 231.384269871
291.098877885 171.901659449
231.411397512 365.533501906
234.180849482 2.48944467736
21.6806228928 247.702132435
242.358655393 262.544389496
126.302023486 157.766641309
148.169452276 98.0292304112
245.460825578 175.863859735
216.338948955 90.4775497035
267.732779414 271.395095232
226.835985121 236.559684959
224.68632461 159.853178392
390.824041867 248.011817734
14.9509002499 249.467581361
359.896210043 206.044439765
281.645320098 255.052144717
296.357970497 256.068138744
324.968544775 318.173793672
266.404443537 362.448341616
36.1365424118 305.758303531
405.747479228 243.456580172
106.001628595 349.573971508
60.7359575682 191.768748513
199.506711133 386.930290914
7.94024487515 218.89370586
275.724264743 296.340460821
170.054121298 55.690552716
126.105587257 36.2104693928
29.9717203846 145.625839929
255.209652909 138.037557623
238.138325916 99.5643844269
242.569055309 248.12638896
313.274537154 53.2983361247
32.6878884538 119.488914718
24.3276864685 152.588004878
330.87968031 178.043091795
206.372737925 273.130920466
395.470660026 247.470540337
144.462353531 195.005871292
249.360745292 157.970935783
292.041946794 344.972544125
96.6311557301 139.202089393
279.053089674 315.32812493
139.246576789 158.358924574
142.203760239 13.8174989355
130.333345085 321.925695995
253.007324777 367.049539696
299.136593206 270.941760409
267.695451066 318.691471931
91.5694168388 39.0285850953
123.322875201 117.584144075
355.425253462 291.373552043
178.1237767 81.3642092499
368.885314607 243.49094091
27.6595837878 131.06092771
313.957479713 185.850335666
228.202680263 288.318454812
385.51027755 259.476871452
291.518324924 292.709152135
198.95257337 228.849122748
221.742693068 356.055920735
21.8107194186 156.648765091
341.322746454 144.763792089
304.138617207 83.0160296167
271.430226215 174.840241775
3.0314937979 236.20842906
282.229786767 207.226967236
199.555266452 286.561026485
50.3996321157 278.176611753
384.247934862 215.923272565
313.824515216 159.497758341
62.236039228 258.29551783
372.766623104 294.879224494
80.4755655149 306.986077843
125.726969398 68.1462580721
260.290822348 68.7562104693
203.373677142 312.610416512
140.762917134 265.150505866
321.81546221 264.269132708
144.156632797 339.134966987
324.568858382 320.223274572
274.120341068 291.76394308
263.054909973 237.532160774
332.995627864 116.14883958
280.927440116 282.721005655
51.7980823611 93.2448867938
219.342089423 347.919401822
163.545457028 378.168260366
190.988873724 92.2285240983
273.47432493 214.169028457
405.404763992 236.320734157
260.790434483 63.6756149391
106.766181302 357.549886489
160.316066588 373.314440752
90.3431120905 150.007454273
226.179995437 101.8633358
287.336608123 216.848021773
73.171107525 164.724346551
98.5031093561 338.087379741
164.901242505 352.970414977
63.2272670368 150.640824182
248.485897374 303.175739912
94.4841071114 182.280097332
181.232853753 240.308054059
312.904270819 284.230309
260.824527937 378.015830527
15.6317678551 160.216193387
181.998248238 135.624449097
316.246637042 178.956118538
147.590582043 326.32425047
311.852103886 111.194548043
226.499123261 359.8452959
311.443979848 118.648642154
174.606770235 41.8590674078
360.548205546 142.918166086
112.880595642 314.305690772
26.2509466873 272.657009058
332.964014504 168.041515193
231.793772735 56.7738579542
235.847422099 379.354796454
91.4654921239 311.044236749
341.062998909 214.433105004
167.383007672 79.6408751744
207.848582954 161.042543846
107.487866464 107.589823301
238.940855692 161.314136705
164.938069324 265.149939928
172.030952757 253.49021383
214.366526254 257.35733851
325.159686021 160.279985296
100.59293416 257.065986376
221.844047896 76.2648415266
236.894028677 324.962293982
151.025317528 125.882389901
94.0038297985 355.201499044
103.553406016 379.701309951
278.541756286 294.759546897
338.023685952 268.592134088
79.8950769263 268.761612889
298.737366334 361.753765918
55.7424235896 307.233272271
260.268499814 244.157969902
49.9491235727 85.1084050523
217.291158118 228.747657304
89.9715345634 66.4387911673
142.941014376 176.951689202
324.238620453 274.1389875
254.26583272 26.5641249985
34.4163876045 164.865363504
109.421803876 247.745764526
339.006026655 254.446589396
59.6142535439 214.455355282
397.722412704 139.994118549
171.489473321 184.789985264
195.620442765 199.586744456
290.351569176 307.524374484
201.012469537 278.301671772
57.5681168803 343.756649871
353.828740096 278.466228952
337.229794519 51.5878038132
219.665550448 50.731828558
178.862756399 11.2398616894
306.696002799 271.42343561
393.449488098 266.160755652
95.3855025674 78.5832247935
5.67256284111 228.319411985
311.464386666 149.603719527
308.046771284 274.467673904
159.572327217 97.159859023
368.904373292 285.933814483
270.549572154 326.232748908
281.070017509 316.612378983
330.912129414 224.816176559
374.972922494 172.157959186
160.750429085 315.501907784
296.035742233 64.3483550483
91.2415064346 308.562633665
150.840351976 110.856068622
214.992241442 157.344037812
239.688803083 298.77269331
135.113487993 189.968257081
384.753996721 252.964459857
254.984546149 175.73562412
145.741728663 309.71832396
336.242939028 312.133581457
87.8741687839 338.998126465
160.801864082 160.15122396
229.633181789 29.3869431501
318.689303447 232.34434074
76.2570393866 122.26949033
289.195209762 254.145054372
203.731854564 391.579295361
118.53376094 91.5488812545
65.651852408 160.331682066
178.420109255 304.236949495
23.5520008877 237.971874135
297.675835327 26.5021318586
197.651038164 395.636312471
225.173097545 221.300763369
302.387612673 253.148989521
270.089428906 226.305672023
301.858749576 35.6072083709
141.141683848 79.5670210114
142.182859247 92.4232710373
289.750511023 352.246952543
182.565382407 78.2921241085
102.12010377 248.387048112
308.041499999 351.398521217
147.115887417 133.783786737
238.836362328 374.197927503
158.913481089 171.357558406
243.648606519 259.161524672
151.288382164 274.002191977
369.730086288 99.7154166982
53.8068847352 242.014640929
325.695384916 210.231753337
189.801672494 55.7536677199
167.393826481 90.0262222011
260.932771816 330.16941012
303.135772207 135.866244766
377.528705724 127.718151359
331.054839019 184.515231442
225.26201873 282.368353296
125.819496406 347.370266116
300.451990966 216.279900698
127.734054845 17.251149631
78.0987063722 210.703426189
118.888266638 358.973996165
359.603726951 266.762638226
232.768619878 9.61977066298
84.9890328035 148.576716591
115.979878417 276.261406566
110.317176282 278.411995001
58.2573487932 219.10424753
316.815543641 69.0747786235
59.5553902459 115.006563227
62.2827380235 62.4237954431
100.827589219 102.947603041
181.143152225 307.871332394
40.4689277179 83.1069731646
309.861033389 73.4262805996
195.337065202 168.128864679
301.438439939 280.331597034
179.54092546 289.815563841
373.48379874 303.900561954
274.254151128 323.328086008
264.972437322 93.1551880888
299.151340604 157.312422659
327.285150079 256.069833422
319.130511364 93.9759466928
79.6422326613 173.335963241
133.606851605 176.755840736
23.371575163 276.156369373
141.507852544 116.472821369
339.270193476 314.066096563
181.258510109 213.705682918
58.4866449692 124.758462957
184.809174111 341.7719775
209.204165653 114.26396504
229.450295255 62.4861192331
73.6498105107 286.31949828
208.624060072 54.1622566484
90.6642034315 216.673625525
205.637424434 230.64462954
208.192817736 7.15684039902
227.063694549 135.602659432
365.204183514 226.165724414
278.063376254 323.178987538
147.022558463 183.215351071
340.399542373 314.630967419
182.257235855 296.674630475
253.949400712 120.499545728
360.870677127 142.721055711
303.154080676 269.015928715
119.644301953 31.3599811634
286.63286546 129.166511274
15.5233205218 226.797395417
312.372165821 58.2024998573
192.987470071 5.73886560497
381.873292291 212.767479928
37.2249516972 192.261841275
232.861357367 291.349817549
79.5129827085 119.93307548
167.848156097 187.220875467
236.183842659 339.890701235
280.964437089 347.402510275
265.138097967 56.3314111364
381.998326328 170.158751795
60.0390426952 345.878396298
272.534362333 380.3498691
52.9472205883 126.351134882
80.4942338851 352.119518069
199.647835018 175.12910601
360.448658303 201.132002975
178.409061372 383.481955315
188.578619722 304.523745
275.606921703 86.1716832622
123.736656769 160.670108383
331.569276157 98.2164359578
178.423235662 290.938115328
368.625383252 310.473422097
30.2471581835 284.290127297
77.9790069798 254.757505201
58.4811208803 148.978484051
157.239136668 61.2896684013
92.8900271224 56.9835752781
289.262982039 370.716142621
178.639275588 62.7777268295
286.805351355 66.5273745228
356.224049704 268.622797306
103.270604082 141.381644008
3.49345566021 205.651213048
3.96656583901 167.761111058
140.254208025 239.889142327
172.866897414 27.6892377312
273.935812826 16.7264780469
18.8909812569 187.919648802
228.247743092 72.9670436502
231.476727875 144.456314025
379.874823827 236.172008627
180.292051379 120.912325102
374.353678135 147.080573415
193.118593283 155.976692774
140.716210845 152.264729871
360.658359941 301.592604037
146.625957627 63.0853313197
16.0789406329 262.804797615
76.5125018808 181.929044007
82.4471785239 157.22705584
91.5881431805 322.348957855
181.923323452 161.629686915
151.541888263 170.661057101
8.02342660356 208.685661722
11.3712912984 181.528908236
386.600813763 117.673389779
72.0732328152 289.360354365
209.587286637 66.9051320455
134.979380139 300.542235048
51.5530214111 81.9126378372
275.567518904 87.3140314246
17.2332902598 251.091751172
129.927796993 238.149132809
128.592790505 136.942999998
313.091986969 144.28204038
161.561500466 327.132451021
178.499371415 249.109831484
260.804899531 373.073579045
191.298759192 226.14425537
111.382666582 224.526921936
262.402412905 75.6794336278
232.869526117 138.824911041
64.3171580683 269.890971046
97.4723614079 200.066221673
62.5479097178 216.01707212
80.5939829997 211.740158476
62.8048116561 328.834439557
268.951910495 306.406134764
172.859611886 8.09161133631
121.414430086 211.365756345
222.357276994 225.608029787
332.753690537 151.918156414
117.433879973 139.323694878
91.0209219322 230.445178918
102.484430949 275.21145748
83.5968898978 227.714516777
118.912903027 231.350758124
268.340617951 206.117097812
281.663639443 370.646333111
148.376807329 157.037355812
233.758148305 96.8293526321
379.570370813 272.915864074
140.564595838 168.948339904
347.845757421 260.842513955
384.661669535 198.810963623
165.320589656 62.3200316803
164.032165982 214.185975145
114.579902337 376.690693825
27.6883704795 132.96071172
294.246325904 67.7285441388
160.05177487 361.246244397
30.9116127183 177.473524427
184.688431879 287.248429334
220.1385982 125.759003908
125.178680691 255.603323699
333.53849795 163.788589363
33.3654313258 193.872101785
173.650657686 161.558312751
121.873207109 173.178951498
44.9317280198 257.107950753
251.448854866 197.294604762
192.261754319 344.421419507
400.051066217 265.599490904
320.721877665 360.152174418
177.359289134 305.483887592
95.0317210667 61.0057298846
136.665368999 33.4114864864
386.005956426 195.53456319
257.663075154 289.487408185
274.94187616 393.223050367
161.352214314 193.89450081
315.365796694 296.287161925
212.908199532 353.702870537
68.8566940305 292.683180379
319.935675332 193.692631871
254.456802418 40.9901913412
91.7851722605 314.192382442
284.08947825 148.874433681
320.868163122 58.1418205446
109.06249222 359.896587431
86.6799036823 215.320173464
347.911200173 137.086593164
230.488039701 134.530819039
117.174871841 316.401487073
199.622283769 361.354353564
328.081327614 257.649830248
233.888156628 257.508691304
367.298327951 177.01652767
255.583340808 74.6919627238
201.191413742 353.008964719
57.5370427703 66.5444744852
178.29476494 41.3092474263
313.728879841 118.054041351
30.0809301639 227.079760148
396.782182562 209.714735201
210.66473196 329.453481969
117.188147738 195.673690349
347.312648608 337.157414058
324.616434661 249.491762373
275.297360691 372.328895329
357.549816902 72.0225235228
294.301692988 113.35921498
189.271918738 69.7904071368
236.295400242 21.7579160118
169.334329181 265.631753765
194.532181577 90.5329228136
103.461000533 73.8148124501
45.4471648687 93.0302998446
233.733832273 214.498249185
108.350395923 166.032894083
73.7876919608 163.942194915
209.952104262 21.6768879694
153.652901663 108.322549162
188.440270475 126.975914567
83.9085929405 193.212348917
301.319337172 268.436448285
35.8183957105 318.045103707
303.256605505 224.029268401
250.719309843 125.640169451
244.200205532 55.8699472521
270.22729009 140.555475642
371.496998473 283.510412363
175.253911093 139.000089173
49.827874304 294.00551629
4.29558505623 184.068361795
205.92779575 144.168151339
43.173563255 188.197137366
270.344029025 118.464832097
192.902943156 138.35469366
202.893769473 221.994239514
156.895162618 10.6815921818
144.833395385 396.154638569
61.0026111338 333.184503348
335.535935436 214.301139586
147.691817213 46.2947609854
193.71734741 197.967487469
162.252506864 4.9734913458
316.252774402 65.7971299137
157.917219886 64.3672892535
119.164112076 43.1381964093
325.940561276 308.032095424
106.671077132 79.9109728011
121.660194773 181.122840536
363.790933643 182.770445264
143.653039194 178.295927636
241.781477395 397.794463425
54.2592360208 155.32722188
125.127874202 71.3581786633
385.981920528 138.707401877
172.463180392 208.553587224
92.792948942 154.296918142
294.982991263 350.635039744
249.550348449 298.162848808
92.6684777857 357.822491711
333.053215944 272.570845397
317.653771811 43.3966491801
22.3439007993 228.848528289
249.977363651 327.836471431
5.38613088181 236.935538345
26.197658397 184.966895845
202.447447797 327.865818772
261.815238261 243.805474901
128.987503353 261.57288326
320.192860989 73.0878016265
285.757717414 45.9822610918
206.512203408 171.427137351
302.429980383 39.2570940873
60.3233543998 323.509992312
94.7827874781 101.144291843
126.242477176 126.963263126
208.131692236 95.4082534764
66.3403911056 250.995263579
232.607235827 349.968333997
321.089299559 172.000071037
152.847957894 380.963807474
256.349601533 312.805146975
252.267697115 265.589631897
266.117013325 176.828757654
286.826041024 81.0375934956
48.6172540243 266.80751378
156.777044077 163.150289553
173.530974536 338.443989391
73.9953721272 217.959769602
275.065778304 377.397184463
287.737890544 111.763268337
309.658668712 186.168139738
88.0894349666 323.19854258
326.363770334 200.034846095
202.704810811 126.826856023
115.864901 276.463881326
171.923751522 97.8132282696
336.660209403 188.360097357
88.3108355439 126.915694475
44.3809643822 269.506043097
194.906472751 160.255862369
221.437486318 192.761921257
265.357995183 380.885808596
249.461444192 21.7018550885
124.84467544 323.762600644
164.932794193 378.223126021
348.101479727 118.668734796
218.759601019 361.626481836
303.778971801 85.0909741323
183.906447064 100.288523987
158.021680218 377.874145106
339.412288605 242.545005447
