94.0015501456 62.766718054
118.604401565 187.690417199
10.8170914705 120.461550232
105.248609946 60.5351642051
108.068328761 92.3539004292
185.764932695 68.192067265
180.897684496 146.723310945
109.129178756 155.902893182
107.419782393 26.76792377
99.9782894161 191.714592968
15.4635226981 122.16570775
193.915844796 69.2850879375
117.505348841 179.486116519
62.7493728427 48.3111294242
43.3463812567 41.6975056087
114.022045897 166.468939131
61.5758154613 176.935674791
170.991248771 48.3859423568
80.4925338386 47.1688411089
92.112360303 148.990765567
103.414046256 140.590353359
85.3519159073 163.534967007
89.6784413786 166.65329685
17.6770100363 119.459779453
97.6636815433 125.552974925
201.509348904 149.905152755
30.3753943196 116.208116351
105.187144614 163.875940153
47.626616876 190.324611316
90.573078686 165.188362638
60.2017751952 185.402191005
68.254042911 41.7998674448
21.1622143991 117.691865746
143.982422517 58.0595824645
169.285025888 43.368004612
131.264431897 45.3553070355
168.2837666 72.8338729095
145.137889195 82.1365152955
26.156151302 129.029124752
160.071156819 81.8302912958
95.6746958444 38.9319544544
34.7361125499 149.299865423
87.4835736758 199.940834631
88.8482288657 117.813627188
124.350483222 209.905606536
72.7038154998 195.275782577
196.910171847 60.9417843468
124.167039927 140.207057954
172.289128492 52.6951552155
86.2509841647 44.3799268519
178.850283114 181.932980455
103.69876935 110.067081704
149.376496842 80.8652854544
55.6074339356 102.081747703
148.079877949 138.685870509
213.438388968 111.244957896
208.418434326 124.33371756
28.6059128651 158.97509611
120.466575227 87.6313245761
107.448398755 114.110141063
32.5841173835 56.0587038263
51.3914175558 174.13010068
100.488584778 51.5463878806
148.709097773 169.965416476
96.1481468757 90.1287502953
164.710336484 54.4936876719
167.996112965 165.044603884
90.697806494 73.5739778889
120.062030958 127.248156764
179.824975842 59.3026918235
59.7191870421 89.2668497292
21.5796061836 107.82406414
110.176888908 212.939059783
66.0349861482 89.1820645299
128.653136784 199.746850354
115.952309861 94.607841096
155.208440999 157.566645452
44.3043727489 159.788927196
101.055821221 58.6340793077
91.8983800144 51.0171670057
203.614777383 110.970228816
166.205256299 158.156544673
41.3577223953 76.8604397527
159.82011976 66.7944381893
111.167729777 113.326505642
184.110188759 135.117459464
141.758356454 154.236855762
149.580761737 81.2017674647
138.05946903 102.687710334
195.52896706 158.342755772
158.045365829 56.9225000225
156.36936868 144.110664114
98.2811281675 125.780805579
71.5568041298 109.811015082
72.3627032657 94.7825162256
60.7786171604 77.4356020865
107.920381971 195.87239274
197.463189707 73.9340631742
85.7620337433 160.80552167
29.0067817377 133.28312079
138.531813929 163.196547423
92.345414825 43.2865993686
137.223510452 178.083302156
42.9216983307 161.191761562
193.578044991 59.4960687724
75.8005367993 135.861790939
16.2540617882 132.827294784
167.996629704 98.6617038199
129.905520613 79.6553077695
107.812262581 21.7744870728
74.6611703551 60.3964771438
132.007831275 37.3774439523
135.504703948 135.962840601
162.398359111 188.190466164
72.2518416396 139.636115405
174.453027648 54.9662821635
126.334530408 117.742234825
176.947620823 189.265719053
117.344037314 197.600414897
55.3045841191 106.111912757
159.580125596 69.9891957968
208.689496744 123.959988834
61.9653111698 190.472973347
146.985056169 46.748860494
124.487166662 153.439997449
115.040990015 155.451589374
26.7730705288 88.4094479624
141.623404179 51.9586785508
15.8165104749 100.20234191
51.7460597278 143.480879907
179.846276231 185.39021347
77.7786172067 153.451199159
126.48415622 17.5647257614
62.7490363892 93.8718748474
90.2189828723 112.496506173
107.99440574 73.3167742899
150.879645224 55.2372641107
135.180506824 79.9452682152
100.238795082 118.717063189
123.380506149 178.123967586
154.365873488 148.969893804
122.693682238 117.149038835
133.96091076 176.100690106
189.489051597 53.5414231727
181.535532564 171.12207849
77.4350990659 63.1187612731
43.112665448 110.993430255
122.260240285 180.395357424
63.9355601726 74.2665979778
113.610808522 109.56373492
154.899422652 129.373322624
190.494658535 47.9253372248
54.6499366497 117.816694074
149.080018037 166.679999778
85.504517867 54.9937156083
159.11563477 21.4524160349
50.2868136111 71.1114734418
181.646477764 115.279973752
127.949669643 192.960641005
149.635033059 112.593034739
76.2339594228 56.9216583973
128.463756387 98.6673612466
136.169206222 118.392378718
95.3756479594 124.62640351
138.359944241 90.6606864411
109.083727458 10.7939110248
81.9773930915 98.598468525
130.352714839 23.7204368628
85.0861142788 189.048248073
65.2301945917 185.648337301
139.253878413 28.4733864418
127.077420805 35.851672169
79.5802131578 177.232871223
38.8906426598 146.2543669
76.9199361547 158.947135611
27.0680910709 70.1058433136
152.265735599 104.568852028
156.944249428 56.8579747481
70.8842536386 135.231747495
101.574457696 180.912576045
62.6869021917 110.755659216
44.2157592972 69.4163655462
76.2178422037 139.4275841
60.009268654 75.223271092
82.4074780907 63.2349220586
110.412908566 143.558101515
115.747380762 74.4354144366
169.662885995 195.032027054
150.036251466 111.153231092
64.0615216526 110.676546249
100.966578658 74.5592976967
12.0388904518 104.096164684
30.7149797809 85.5804535094
28.9228194761 116.81566006
117.537606801 111.554729299
120.624343061 188.401709118
118.561350624 105.95845553
168.170633837 133.698579621
190.449872917 83.7096546747
97.0636045112 144.183965936
54.0403931317 70.5447607259
173.830356594 68.5219812533
14.9370868986 100.493975601
94.1673077795 21.2037794974
212.342140641 98.6636476404
101.758246763 149.873740881
142.451000674 164.356338032
72.7255108666 160.002370982
124.50879318 162.547340323
97.5767659326 35.1633089808
175.531224784 122.686156931
78.9164367451 17.6485432413
119.564853826 185.635271793
197.861996754 162.319949247
125.914894664 48.9676272123
24.9409739027 136.513774417
155.75525594 92.5035634245
173.250560519 125.414034509
85.4391249488 126.669379747
185.412948197 112.365835902
120.964658597 158.958936961
69.3573562274 57.9558153578
104.9094928 181.76901676
135.787224764 24.0082535704
61.6487332615 147.013726614
120.810043366 171.612049546
24.0129152032 156.898741458
189.699684025 113.035782259
91.7946029529 38.5432180147
102.564654177 181.849374769
56.2127766842 119.954765029
118.151789855 130.273043709
184.360102648 130.691941244
98.8942930221 93.8813172215
35.2172145014 170.736187077
107.319937633 208.872063744
160.290717683 29.1801326556
53.0605088175 45.1133096114
139.826325013 178.336546753
173.729782965 125.700744172
79.1140654681 50.1755679188
110.74966026 84.2262193729
210.347879856 115.342316989
137.492592938 35.9891415561
190.122049797 92.9749692485
148.449495305 195.7928546
143.255280492 43.6913630953
147.96655903 121.982198214
80.4346926781 35.4236746907
144.700075184 125.068941569
166.018485134 46.9438555801
139.5380246 26.6125778691
68.9984533297 71.2245000475
73.6798971732 140.098825812
144.132247719 200.070917828
141.137078345 98.4178520161
196.603129058 168.443764418
184.624075506 78.2144464696
27.7905271998 105.894525308
84.4851337478 146.10754854
162.37663796 201.977790344
167.40389402 92.0693092627
153.927955975 54.5505756459
136.050614841 70.7018076949
25.1609796546 156.109358069
183.292759998 186.138519486
174.006040576 174.154314402
47.5603567603 51.8181637314
129.041309107 156.223485326
197.390584366 84.7472029621
63.5472169267 137.500341143
151.79143737 84.9352201575
194.31805662 109.3080341
68.7089841013 20.7609103143
123.384114018 64.7626595571
107.864825374 87.0245597549
97.8609854608 56.8572263345
134.900215021 193.138793631
128.097416725 13.9495867709
108.313572781 52.1941093165
57.3657783699 156.128318549
25.643473401 135.144147128
132.763314233 153.211312151
176.718865077 78.5805043255
77.0166513105 39.7132537367
28.2369864763 129.213440403
95.9531052582 83.6460143719
194.072442451 147.083886878
196.234439528 100.211885825
54.1209041796 39.3842781575
151.513074188 53.190657302
60.7557488836 27.9863484217
78.7226455481 181.536957334
109.169749813 208.55947213
62.4984928749 37.6706251493
162.928886714 123.730287669
64.5213394126 151.809077241
100.698913642 176.793446146
84.5348491238 102.551853033
44.6431209059 151.42838116
92.133975889 126.361985257
207.490120737 145.0662098
165.317069444 100.428281009
182.107619597 147.512194207
170.865822246 45.9971894015
58.7038183228 153.251909422
112.788939676 120.36966604
125.863730472 103.755382395
113.658506774 75.1372189993
151.846314008 143.73447754
175.718906421 138.890510157
114.353654448 123.713938022
110.069480451 171.664069708
137.304344157 130.049147436
156.719764584 50.9361665208
120.036393101 164.686893265
154.967981437 93.749675988
182.155867076 51.2204450027
139.993947686 204.781428706
34.068713435 78.8357630799
34.6711678083 126.207621166
170.606684175 51.2044668941
158.29271028 191.229079271
54.8366481875 45.19162916
106.329947181 21.9030662641
85.0940337708 191.576337076
18.8663904827 125.455717487
178.414185272 83.28679016
34.2472920672 61.1065171293
145.173284436 30.9127042312
87.1565455951 199.048986391
207.579414289 126.657015833
46.7218068697 58.1801856972
196.634739451 119.609225332
57.6497987913 93.3149193908
94.303804992 176.985186438
138.455516492 81.0487749093
174.642254052 43.11943685
108.264767045 19.8557254177
113.421877698 36.2988586216
68.0796886803 155.091560421
165.400091609 93.3163268667
117.069528922 143.540580748
143.700405293 195.353879019
123.517702705 181.962104999
73.9937603069 51.6624993624
141.367785088 97.307479664
140.026734703 22.0309141504
203.27572973 159.976198222
145.252397818 57.5794972446
106.316354564 62.6594134858
205.527734272 99.759618249
10.3018696396 114.804871889
93.042718839 195.411654244
127.827142647 170.922889701
171.812995366 45.7130789008
14.3099876739 97.0490947758
117.030721411 164.506705084
155.603797915 87.2888097341
147.364690192 104.181632055
197.193562826 101.448197057
139.927910287 121.174206648
124.717085964 209.318562934
184.485559075 170.482182902
14.7516325976 136.599086441
34.3517864893 101.379931212
62.6156074736 124.845964833
151.372115954 132.633884742
75.4625030495 195.187287969
137.834328692 181.035803476
41.0096438722 161.92546059
73.3326625932 107.17577458
158.094049569 185.034096555
95.1325013639 31.8404212666
198.411474884 127.900064446
40.9364282631 101.177587821
84.9223439839 64.4948019121
157.997163272 172.42330468
160.422250997 95.6140192444
86.8065024823 137.096758193
108.287463138 192.669393477
98.4874442929 123.305609187
105.878988417 121.25441994
136.243396943 184.598872997
137.960678929 88.8383115062
100.574759743 112.05458556
88.8467111085 203.206766275
73.15892863 65.9368275779
164.843450773 179.86808285
118.896668544 194.505599319
54.0009088645 171.403624756
202.055405797 157.822543315
178.394326224 76.1189630784
192.183723117 71.9193066879
70.1721086231 126.067032492
81.945581579 52.9809110644
73.2621649349 176.035522194
43.3813752621 169.457454286
86.1051999613 29.3975697993
61.7042306778 141.793012599
90.3729229254 76.8774981028
145.686066787 34.7528921722
192.546364942 87.058532044
129.375758654 212.976228787
62.5459731151 44.2532702061
144.820492176 119.883791602
66.7521150321 184.028601033
151.474339726 169.884224702
56.5927902395 88.5864254848
108.002721902 33.6688409509
120.229676454 54.558240652
122.118430958 124.026203445
74.4982818483 117.412268265
135.758815795 179.978538713
154.561383916 106.938179456
49.6426408128 155.085066234
139.65554632 153.097004634
46.7667029423 59.7357616452
55.7725140869 165.308985098
107.186296016 130.313362209
142.501397527 68.0911306047
190.614055107 177.930795589
82.9858227245 59.2774065006
83.1715972094 129.343377586
101.309832893 150.731567208
127.471299923 34.6122692675
179.04080717 128.043236939
202.263886267 66.9972175013
122.947135151 195.327323012
111.274146261 185.66000022
173.166967573 32.0289523243
137.113866099 171.057342654
60.0791078723 89.3161529885
25.1581635651 126.265314608
112.682381199 168.991798926
173.001526165 44.0468392128
115.667935304 186.029801452
51.5470502754 115.755743772
146.546241047 41.0794389
21.3148128904 100.900219051
52.453853355 185.180475078
84.6958831836 59.4445143508
86.6544620563 204.746512496
79.671136803 29.9241259141
153.392899511 60.6464395145
186.888595006 169.974218803
145.01879307 201.404138895
161.543797381 184.548882985
157.619831868 179.655665906
159.176654856 35.7229019928
48.9956499025 132.794205639
99.5672669551 55.3108963993
182.2691729 108.826365719
74.3365603601 143.408558016
142.557731718 71.6996885611
47.6622896844 182.67138521
12.1000439435 129.826910985
210.175089978 106.371413957
86.9583514832 200.537018503
60.5851763309 166.377795653
21.1707265151 80.0932713717
127.784479694 157.329490313
95.623458499 96.8140752051
99.0333161113 106.170282996
53.7864313637 71.1486685327
44.261762035 51.7825449934
88.6403507597 17.4639572221
127.527294947 60.7743798804
89.3732766364 101.967767756
174.471794822 190.325761246
75.4104799252 28.5227397125
22.4657261973 73.8299366894
177.279858178 149.55706453
111.053423206 194.57370568
88.7194348751 52.3397751392
178.575141773 96.3056194734
187.238038467 145.099162092
85.1713477314 203.992200907
31.1255919925 173.666512755
165.022591191 98.7740360181
139.978737048 201.76378407
153.109304963 166.10561734
136.510679438 52.1063381012
29.2853151354 107.115867926
29.0736767764 61.3383302367
44.6247994994 75.7926400399
157.316639082 39.6871318817
41.3638598509 88.2329441402
122.167626905 187.939166258
192.919221147 158.500526325
182.448717403 143.890634853
142.51400304 145.926462228
151.596567524 170.608163525
167.590156555 197.641759128
81.222317738 175.572446014
78.6971114927 26.9709077585
79.9467347247 164.879635303
82.155175945 110.937533288
37.9876831662 100.021757545
105.184949428 72.4106446038
13.9964462688 122.965828849
88.1036972764 190.291782372
101.1941032 128.128243532
182.701398679 56.2142776876
127.483740042 119.779224885
196.196187317 135.81202059
184.123063825 97.7000963327
60.2718210798 153.518167293
138.875649053 117.733792555
14.8734101713 97.5372010925
126.855857122 102.389462552
137.688222552 20.5141967523
147.647650096 110.891339228
178.206363903 141.130800421
62.4326352787 161.364606885
11.4544519998 107.640616966
41.1559634219 147.049700259
130.707785796 65.2668906819
186.228193166 168.093172476
172.735768251 39.3887689209
96.1113602767 204.073928898
101.266764854 107.714073943
114.84604957 72.0240762284
65.8253190962 106.651063428
179.789520322 40.0716876368
52.1792860185 46.7138117883
64.1185702253 77.771390422
83.3759960705 61.5923258814
208.863791963 138.949278593
145.080747431 111.84010305
135.316871452 164.611887176
62.862248733 140.184074607
55.7019707426 90.9623187553
119.574806229 67.5028912214
192.205065707 162.533747541
60.974102327 81.0713961134
204.905392811 73.0125633753
92.0428523468 101.008418507
182.55462388 98.2105208225
201.25535561 153.40667104
169.622854186 80.8086500613
100.342640474 96.2658227369
114.426362834 113.696584156
112.341858652 12.4652601135
182.059811827 75.4715948465
91.9404156164 117.189047613
122.067157808 203.299149433
32.581250258 53.4849644002
41.5540814624 92.7137788367
41.5541535939 171.235167949
32.0804867357 114.446367377
125.789143046 41.6119749735
73.2678416514 62.3591884508
19.1256189369 81.6229519943
163.274322718 125.60176647
142.818168391 197.886680301
91.6845850711 207.607713424
50.1620494208 37.4589135997
90.2957842757 188.628132313
36.9304340781 84.9330532437
90.1392271063 166.737304069
146.78653868 21.0295491845
12.7313139018 111.930269182
125.945562733 40.5475089771
100.208496261 64.9315058782
191.528995823 58.2802433261
31.7186647553 141.161271128
179.571827413 35.8414672163
177.633930329 132.391266785
149.659036997 42.017927888
93.4731815643 123.442188436
89.5456708022 19.6914580113
188.252621313 114.294047691
40.6517538201 78.4738464966
106.869845519 102.720542777
126.100753125 77.4272569137
206.237602929 130.973755644
105.123799855 165.425763759
162.148112406 25.9645907858
69.2046751093 98.6036698506
185.084938208 123.272411538
114.820497989 188.208995594
73.1800216959 164.874120919
116.806303937 45.1530115096
58.5106796875 59.690012374
97.8559750103 28.2785633752
165.812209554 133.317105518
65.548473327 177.248249073
179.649371935 131.547170886
192.925689039 53.1342332801
158.683220277 193.724327554
60.9843106665 162.67409149
43.302350323 81.1017307762
62.1757616971 177.231407497
94.7115124514 179.22128959
161.078491767 159.209750284
52.7366698515 88.8358517646
145.3163855 158.952849952
121.42966349 73.4333470405
198.121723061 155.651157346
108.495630635 183.132634691
118.348303309 28.9882244648
47.1955366329 65.4656678238
190.144236519 164.559146641
30.5384413733 62.8399962289
143.057347779 122.571592126
15.7590467859 97.5922908441
71.3192104798 195.529972637
99.66718564 112.816828603
86.400044819 41.5159105
72.762790394 19.4455335502
34.5905496917 52.1179004675
187.73964294 178.400285353
34.2133216729 52.9912085859
37.8630115272 151.299628745
52.4888784103 33.0639329593
122.460989134 127.001628429
67.278410616 131.109771289
203.362658515 148.209403275
128.529340409 58.7359637561
50.9616279995 117.996263956
84.4074599273 204.183096601
190.196391062 142.074622834
104.650989739 50.3172385436
115.699252987 129.828780883
46.1793767284 171.929908357
173.682515227 136.343346516
101.8186572 85.3401561574
78.8998113931 128.329081196
126.320687713 193.444856137
147.213156441 138.469459769
85.0733561264 71.7964298119
82.7656997943 139.963744527
207.193798724 74.3830455678
184.755516157 174.005239381
192.730501262 146.347944324
98.2404037714 55.7839199284
39.1338009428 150.135266989
136.416025034 95.8777407921
169.554448824 142.529775928
154.687745347 109.624566455
66.0444925409 127.298983091
81.6424415635 67.6233198153
38.77889682 63.4277447631
57.3743357971 33.7444236979
79.3106191393 28.0406140357
180.708541219 51.1641142486
143.877185083 184.532394116
167.65991925 130.03208153
169.566514862 56.3409265759
171.145088786 115.96321808
24.7904064092 98.8703116105
197.324655103 90.2444898613
97.2815079244 38.0923885156
191.298118612 68.2899065564
26.6231264248 132.924442377
133.619421663 75.6485276914
37.2717650229 148.336201942
25.0541124788 110.380729819
153.637063069 44.4431816809
95.7854688623 163.609208667
125.023637841 175.852742469
163.921462156 114.908323692
203.578268506 85.2321393519
83.0012396166 185.609610095
76.602289712 202.615378679
69.8175686663 94.0707883306
41.5273042073 55.4934215087
40.3241931623 176.859874727
26.2080424535 116.871052637
53.8712952867 133.345327752
102.227196597 169.759639652
67.4369179943 30.0328131218
91.157621742 176.759216647
76.0411401523 39.5480965207
69.5968194097 171.968891577
26.5674928389 159.670285854
69.2213691806 179.54823888
113.543019837 195.197686481
111.344827157 199.020914945
187.435330138 128.156288247
128.785580918 209.860040434
89.8094985052 59.2018451562
66.867196603 188.092663993
17.8474047647 89.2740264986
58.3100284579 67.3111596682
172.883368798 74.9185854114
91.9692007973 160.50145171
99.1067328231 13.5387069694
206.25251022 86.1957663249
119.738919633 198.06291655
113.733714606 146.011006801
118.626857219 203.313084471
57.8650603751 92.541707227
119.385108108 116.964700492
197.886416115 116.026440993
14.8954581096 103.874990921
155.905999748 184.286247634
143.267943678 146.836927671
176.534253901 48.9725857409
51.3426035459 129.282153994
79.1219745359 89.6037010704
101.366738676 28.2320834944
164.742716829 182.599832934
182.87595746 93.7258551593
88.8803098924 168.189584661
44.6996470651 159.134380837
107.412446469 203.847795577
206.870393496 140.795068406
68.2016304941 91.7379270942
20.5371729033 144.361079522
186.156670105 166.188621233
36.7270083322 102.502858938
99.9336637447 55.0334313026
76.545585247 48.8041703823
74.782663336 146.913578992
114.888915492 122.497000624
188.309542352 63.6123375531
123.851696787 23.3249693173
104.484181243 50.1931223761
103.643723468 20.6246184523
65.5719822621 90.1094451321
198.13072514 64.0504262844
15.8985015444 145.877400261
124.581106176 27.4252153762
95.2806775046 195.681331746
64.0564370973 146.360339548
63.704302613 26.9356048911
88.2687210589 82.6303411244
160.647454444 183.405718174
78.7271276412 120.743235712
166.009823837 109.054948834
64.3969856589 173.414868133
205.91334279 112.993177677
124.129119781 197.979659062
157.551077196 24.6639143561
129.858556548 184.2969988
57.3562726482 70.4396253944
23.0886237638 68.5385743466
167.920419683 42.6538244665
29.3439573626 110.830267326
109.913859993 22.7082008406
131.44377507 161.032936472
205.864378291 124.086032976
147.90354389 176.660314981
58.3021937939 175.616880871
118.7103927 200.456260001
111.455735111 189.163315568
196.687812033 101.994435381
85.5260849075 42.5990445039
129.682942946 79.7156941678
75.1021674256 117.225099752
184.439736376 112.433837081
166.573100178 134.497554769
41.9325486326 169.144906152
187.253003397 149.002200004
144.637918117 195.233728353
142.389739526 181.677972417
96.7526374933 158.04393009
108.503182195 66.965278452
142.628380091 125.937081239
93.8651220447 176.446398452
130.602594907 203.020814587
115.555114308 141.061945047
63.6014874697 35.5750035131
172.433994744 110.148196692
180.642751039 110.194292891
26.6334799429 112.834156839
75.257734061 115.033486632
172.798550665 115.671860994
129.698086496 64.1525375665
57.8498091294 163.636688989
140.767507896 108.357688836
135.463462683 161.854023256
130.30027403 32.5872783286
72.1978525025 106.936673278
118.041300676 153.119953786
96.0803883517 151.65081737
178.452601625 81.7170055187
65.3386189255 42.3496870089
198.156383231 144.238252513
146.659785494 89.2191967029
134.783844998 195.751488869
60.3305642174 174.402071211
178.198189357 141.113031158
212.865525112 125.541599966
81.2337648299 119.208683091
129.933754099 169.571903383
182.747132969 56.2003338974
184.959145778 160.726208661
203.942314219 119.914664168
195.710120697 67.585402957
176.135938676 171.476968716
84.130628925 168.995865345
169.427320286 32.3074863217
202.284747932 84.3718161459
46.6152824578 56.2024954687
172.806686586 63.7571934837
101.331813664 120.404366294
136.98699717 118.098474568
72.4177988607 193.284434617
142.259999272 34.1109071474
40.5200674931 164.511830154
76.4707105737 166.327320518
184.254778626 127.72486383
59.1798304102 57.450951963
92.1560741661 212.880804992
174.825109707 89.0248262569
40.8528988059 146.860669378
148.434592874 94.1708047183
140.424461207 179.001788688
199.047326828 156.379024208
163.674843623 187.306222996
51.6539276153 34.1118890206
195.464931045 90.0063760228
141.10941332 173.667966507
97.2378645406 203.457911761
84.8016290922 144.354986934
63.8177598895 101.921030332
203.122317223 139.329307665
174.848715753 131.627252296
102.99807449 191.123983773
63.5811485686 144.547002853
197.061776152 126.340533599
119.727722517 33.321563042
31.2322408882 129.698018665
49.8863817385 186.899737801
163.795352816 117.875213053
174.527506812 183.268702227
103.669885241 71.0281188104
125.322902135 171.957275791
126.837284996 113.778490831
83.47580974 208.514553342
163.317933664 50.155524069
95.0098054386 43.2293446013
137.685283154 209.838198557
72.395346789 21.637313793
31.9961839717 130.966567924
181.06180397 39.2122220399
158.638120947 111.24204747
86.7602715296 124.129697696
140.496205005 122.034050391
89.340008127 148.714048665
58.8477354011 103.295366327
54.5187188995 176.141405638
178.87360522 62.5192208118
194.262036906 170.194313486
135.572824784 105.297988603
17.6026093285 103.96638387
12.5750446675 105.756432829
85.9966849003 201.774766037
167.510054821 113.11161069
160.908483484 189.877750649
57.3781866594 125.360574874
205.621279796 127.984049831
168.351454545 58.3620370347
99.4036221059 148.500218005
109.695304734 113.654974405
111.092542473 169.406565132
126.500101363 12.6279038444
181.035410811 82.9198547385
55.340788421 133.761577632
101.792444419 48.760170088
57.1674094831 96.1597168837
122.036930098 32.5047010069
203.588241936 111.333688906
91.3501088362 114.186745187
56.2407672987 178.582479797
112.632475126 25.2780706541
133.555179381 18.8512832411
197.949559023 145.529198958
108.943885979 187.337704988
75.6892476918 180.887579831
175.210617145 89.0200197955
193.533397549 84.197843075
181.793238188 130.708698876
65.6362558338 87.5156286377
19.620101777 72.0877490598
98.9257552617 31.1838367649
204.05092088 157.072336834
107.195823977 205.246578486
71.772479935 176.728081716
115.211655523 198.971720377
148.177257139 189.453459791
123.193181883 85.0626720806
137.512790456 211.51020995
70.5135257896 176.336866783
67.7804630105 33.254899043
135.080148257 147.941681953
20.733234568 77.9242139487
116.5802182 111.549077353
48.5756079386 152.099139487
190.771933674 97.3156815327
39.7594385121 114.460941227
83.2366977883 18.8929737904
62.2797673628 149.135133034
113.550369295 15.3867697938
110.163373926 26.4609860711
186.74868657 124.028163589
145.731516737 192.495923655
47.8993856571 169.461763189
94.6146231437 134.072133469
73.2756580746 74.4900287251
192.132099229 156.303142395
121.344277645 116.220563453
165.529163515 56.4248323622
60.6448845827 151.153851082
168.431528578 58.1833953891
139.971106484 15.4233439199
192.94764467 104.527782222
106.827860074 174.05460261
105.111143605 39.4651378522
38.4356633317 153.381028999
162.902927534 192.337205857
143.753326929 118.485968314
139.796204034 118.504965975
121.627647138 184.696459173
96.3289207141 198.277207638
84.3274326463 33.4617383006
104.279716981 20.7867338099
106.059778989 65.9560598657
124.886026501 128.773262698
132.610458451 145.201854585
173.027303431 174.898225368
86.9694557764 116.689897637
175.909027107 33.8093271747
160.316470778 188.161609017
96.8240233781 98.002769849
115.63485354 185.588294553
127.603847994 114.424304596
18.8236505678 84.6688905512
122.865974809 205.332006243
163.287622388 73.2257572054
55.4285275537 130.461521096
67.7918391131 99.2259921565
127.730638305 175.696821995
206.4330135 147.284748977
195.919589237 106.195091918
97.565875927 92.8524198732
204.146108362 115.819018488
128.425143237 139.587138562
22.0350513866 103.182330413
174.22506236 73.7740734088
184.69593872 61.6643380102
180.85982381 162.942254608
16.0538301493 92.8330282355
101.007672884 84.1222049906
149.056507119 74.9316475029
87.510266752 201.824548401
111.742895087 110.361561423
111.806114487 17.8524247601
95.9556166589 124.72671418
125.800830657 84.1574376505
174.405356227 172.37963887
121.525053535 70.713208829
188.152250737 61.7076569995
79.4093046438 209.170497075
121.709539583 180.901230927
107.567997959 55.7211742493
75.0533083279 111.563393293
78.8739592551 179.128049786
45.147017878 81.6288451876
156.033764678 135.391939832
165.811326896 40.4006413527
92.309912053 201.061905926
197.085751262 135.658838446
131.236518735 128.5331376
118.711919504 53.5621742824
54.1559144324 61.2555117035
202.527482024 154.466738182
177.311658435 92.7052888171
144.925361951 19.713705582
56.164646619 193.661236854
205.353793511 126.641797043
139.579083475 67.3365761773
137.084260695 61.0522666444
133.551844453 27.2863847369
78.8047289202 150.69965995
29.0250600359 131.736469074
44.3596815005 112.112642792
166.748999161 29.2576288471
183.77040677 113.907324195
63.8144565205 44.6253325959
167.161295083 124.028399102
151.345588864 119.315654471
40.7171822551 56.6576069894
58.5320978031 61.6360653454
186.276462425 99.2497795511
158.434887896 113.515113648
13.6966007942 99.7581754669
143.055172915 46.7203762519
179.615481075 163.011020462
100.957029578 45.2277182568
90.7051910839 153.360184348
118.373456629 167.879591117
92.9197365857 143.981138176
180.578222656 138.940199254
93.1657346578 174.928837937
72.7473007525 192.229629924
91.4228831619 108.554529921
131.941547509 19.9853899494
85.4243097381 35.8120231378
174.889004809 44.367182369
93.860857128 204.330426845
150.497350654 46.4432599496
113.933891864 86.8128732814
94.3410283866 120.026629949
113.581777927 109.317867716
128.855065217 155.857906662
56.6365489248 75.110866477
134.456067426 106.580230097
23.5767168768 143.221897502
176.810282439 143.227730026
166.580270894 72.459793924
152.885201624 172.757254114
70.2576781263 113.852759824
31.0560769286 146.572061725
213.544347545 103.691956539
154.266249444 166.189832978
93.1498089731 212.837424115
203.551747803 87.1548171189
210.16166734 88.4481369184
20.1403271758 89.1844999518
146.383092876 184.074596337
58.2793160325 117.229073273
134.446718925 21.8987612278
160.404630907 117.939067247
101.854036236 213.712067383
134.621832591 93.6396657455
60.6203716745 157.136191443
159.729411554 107.611307559
55.0152996224 81.6005925423
66.9755452992 91.5917681857
156.004336399 28.5178874534
91.8084652135 108.376207621
196.75836606 132.528927238
22.7974132592 94.1481298331
35.9457745396 154.722111666
176.548364174 125.266685293
115.788368472 109.696645149
59.959405324 104.878041676
13.9726656971 133.314836802
79.4245881986 63.2634082387
96.2966307759 42.1580255114
60.7922729628 194.231761107
156.253446346 76.7030638232
96.9036341242 81.5457464968
182.737228779 51.3109898448
25.1755429991 89.8900991574
124.181484353 152.551194106
157.452674817 124.88951994
119.744296699 51.5661603457
66.3248895957 48.2100504861
20.5223649805 81.1994007327
87.9172150461 143.754365661
16.2013781661 92.7170144635
92.7785952225 47.3319192477
53.7193527169 71.5157810184
94.356968474 146.152932335
132.628366105 210.666415302
106.502801257 185.482444268
76.7926349192 84.4174455539
177.050102171 188.418835065
118.468473068 187.162872902
102.079628369 123.334769567
57.8004542894 198.731757827
64.0196561287 59.7638156843
61.9977317763 116.836590972
149.74916052 199.256123793
202.321980197 147.842963483
78.7495240132 171.267707945
48.5855838514 74.4537705902
93.3793628377 73.192476528
120.677343626 131.866520019
56.83437463 69.8218343886
145.393705237 183.162940914
180.117289473 156.490702407
93.2687450449 56.433843084
117.806499849 25.7913089458
169.579230853 163.464595912
87.5874002283 118.957276733
197.45095959 60.0712037966
159.375235544 178.584722228
87.1588146126 109.893578111
105.205273779 207.349702482
42.6283542046 66.4170479872
121.513876005 126.435331018
145.796925947 16.0863353231
93.4335278421 131.659226632
182.012017873 88.6466472372
161.175322278 58.2483099421
128.469275909 116.949469626
76.6960226662 69.3653622597
92.9804237195 122.750324016
73.0778757077 56.2002655778
130.978512556 12.1579241698
169.448008442 166.455456473
207.099310947 138.311810064
159.524288543 156.311133418
129.152142806 54.6747662955
202.673375521 93.9976536327
126.970762422 86.0808250174
78.7201060796 47.7862578879
111.388250196 125.99863196
177.65292008 127.955872547
137.457887374 164.985423597
131.394299614 90.5400482426
27.8127126611 129.117611308
114.526981985 74.5287679336
103.706679302 32.4110247272
89.1378834761 128.445837075
97.4120834208 181.281879726
76.5491599279 66.760944932
47.5729986074 63.9099749746
94.7121728615 165.966799675
75.5977123389 108.759275305
199.106525703 103.938634769
117.502673718 138.201838256
129.714517062 61.3943127042
135.545769993 24.7455099915
190.31810387 49.6161220817
102.356696589 175.364436718
110.274589237 48.972101362
96.5186746971 189.09107573
169.913421406 162.899836861
54.8143149115 119.395358043
29.4790838408 147.497667781
161.607532289 102.519180563
38.8713086235 58.9248188014
68.3337426036 67.8670521408
191.157377895 161.708704146
139.531161614 153.494126186
76.0188393808 196.53365454
129.451400679 198.409384329
75.3090035775 158.987674005
63.1475713249 41.7122102595
64.380560597 199.000346252
54.1372932982 82.9322489558
96.6968315083 78.3849623132
151.343325885 108.595074453
67.9320053285 176.193952709
10.9970510539 110.258630542
125.936984127 101.097242194
60.8961366494 134.504303536
110.529828065 12.2855848442
135.489737969 172.756478948
167.719016496 50.1279763719
131.761254555 82.8315894331
153.338100279 139.965994923
60.3054528298 146.672991724
15.3957350462 113.667383714
109.766661862 151.023643725
76.3730329299 95.3371207518
12.2134793199 92.7819661694
61.6206736945 56.7793146092
144.339315416 142.781035924
111.127505237 66.4310296552
88.7099179631 13.5414198069
75.0653367388 68.0254623053
98.5623756329 117.498745598
71.2189199227 78.889639549
122.841297777 205.531038704
50.1625429863 81.917076429
153.114502982 48.9540678174
119.767116182 159.653221248
36.8259248942 48.7049779007
92.5801579805 167.945404893
143.72873068 43.0695803704
59.5104972817 129.350664544
127.787923653 200.115799833
124.725527876 146.852609396
156.384652422 103.992723508
176.425529494 125.360088146
162.026581324 91.6855238538
145.349604341 175.940788906
89.731726541 142.76692376
127.341326434 19.0224937674
42.8630184451 96.2048564076
92.4742172357 98.4687828322
41.080387319 52.4348844178
102.420164792 28.0841986236
34.3186991405 138.158551357
109.525469645 118.16752214
95.4945255897 116.422219358
188.354826963 152.190681857
137.890321413 156.2664294
92.4749962753 168.473402494
27.7986324797 110.27120451
165.436624063 52.1214674982
79.1180470975 83.4824122653
146.656191532 58.1621460046
57.8324125351 103.813184032
111.382446123 213.258149409
71.6927706617 47.2268335569
35.7162612199 161.501441093
141.099314196 161.914474007
81.5749050573 203.080609501
102.337290988 213.195460568
40.9467540409 51.7549849516
63.5603389345 63.8195567145
101.220433473 135.113594866
165.13777149 29.0939432689
184.514547009 87.4970206414
88.7472994541 186.173248487
121.800033122 30.1762990928
125.195730211 123.848226903
76.8220933641 91.3438864364
36.6547853115 57.981204255
77.2189897608 74.4058962822
143.588911719 46.9380279275
109.067976091 36.468985929
93.2489841701 160.833475576
30.6195485454 54.4807046808
144.56065946 194.020800363
194.249177284 140.570869919
200.244136547 122.17127874
109.073297878 149.00411996
151.352692535 156.626196302
196.145918351 66.8331154202
118.354853923 95.8013645005
140.293770633 167.9112627
119.422288899 69.2054757714
88.2870703913 156.061905282
88.2205756202 121.388050921
62.4365231772 138.130963913
205.191206578 152.562723365
113.089331731 70.3030444656
141.429773107 104.234081128
153.256989864 38.7953439794
80.9207702446 80.244430351
116.030548015 54.6630170886
161.133098138 130.965007158
79.0377278695 58.3117642649
88.6277964178 162.461393141
135.415207428 102.47305842
79.3352778212 141.258770432
90.7037573032 144.138602672
188.06297688 67.2623062905
127.762531503 22.2200978246
130.709818555 163.648375033
100.352906349 35.5987118015
136.377406327 154.179421405
107.449225996 46.5491414133
115.626993828 23.3039094084
176.54559771 108.662756046
28.2239083778 82.6014844944
33.301789528 139.891868336
185.063639103 156.852820102
59.5194108733 89.0063924683
73.5426225141 102.586324122
197.787259788 78.5942759111
186.902987247 50.9502088479
186.403948547 168.593280432
37.0176342931 175.163812261
16.0143979189 132.637191471
167.393532853 134.222288809
194.132435247 105.623199476
78.8372688242 61.5135250021
41.6995221487 46.1920915972
157.99072605 116.207274691
163.22847577 60.8884200779
169.255075755 116.397620196
96.9834970215 206.154957306
159.859785574 45.3422739023
50.6484493279 167.65993512
203.79972786 101.699720192
153.182101891 76.7056152028
199.167267399 119.05268947
193.720383678 117.855710835
200.794218503 75.6103122959
55.3779387516 85.7198545496
140.076838568 109.276732415
128.326171246 150.631979292
71.4205047005 50.2726226692
43.4104788766 65.3639632793
67.0409282039 55.5545661902
90.4013641603 42.9825586573
76.4931849226 86.2792401151
66.7027835176 110.790789878
74.7140563248 34.3500731525
179.120257956 178.616437272
140.259950454 94.6584136883
170.607691916 122.134993283
174.649699747 165.418780478
34.339947161 144.017496474
31.8135936052 104.685695222
202.173396609 138.621248674
141.86611566 24.5543105982
202.346348352 151.863118527
93.2922600188 151.705546124
17.9347048429 78.8214252644
64.9013670725 170.225755831
17.2666845473 94.9546716516
19.7241192752 151.731359762
152.019841687 107.247609459
135.572601807 163.118161036
116.911522415 183.135035353
86.1031308216 51.4487140957
75.814748184 147.46184365
98.03674598 202.981104657
