191.930164458 152.473842856
83.2985414098 85.7794245541
42.6707315165 127.148816352
78.7223063023 23.0300563841
61.5814052036 189.329855744
58.415977923 112.942381324
87.6570620893 37.3742378209
144.359340604 155.247195627
186.681627284 134.937286627
128.686412935 192.111268979
88.1896805706 136.344925544
151.198572349 168.920973232
178.070908122 157.906112812
157.257899169 57.180727654
167.88773643 170.073841583
101.329867862 169.561182018
134.285914481 130.036722305
18.2354920555 82.6345009498
167.771174446 185.39999134
68.9518589009 198.570490559
171.510172262 99.7283521987
190.970293054 69.7904720973
186.714989196 91.2445000297
136.352917593 135.645394947
195.045923158 93.8572957839
132.715248907 94.2367934689
12.2184713091 101.310567326
168.072017342 184.943267354
17.1635637883 139.722220653
120.479418961 209.331549403
93.9970266843 118.611353642
29.9742197033 164.196712667
181.209053847 142.524818246
95.1808628305 62.6151679082
182.153863816 130.715543391
165.812835062 177.684227303
60.8626073139 186.156068096
137.539741276 68.0509664369
89.8299101612 183.142805884
62.386274929 86.6332529238
139.597340311 182.364713135
49.4489778067 174.592910022
142.5171225 67.322936672
73.2170078132 110.477244188
104.439148843 155.837139487
151.208354353 19.7419898492
196.863838306 168.282252143
56.9692104436 51.5492526823
200.825111893 101.345193875
174.743342308 167.086936562
143.823530075 170.693563669
88.6205400552 188.935840422
184.708831344 88.7628737858
117.838680679 69.5660469694
134.219067387 60.1424058026
211.227457891 88.2496222225
68.592874057 105.618870528
154.496156976 199.190617613
175.142139879 63.2599426984
87.0009864922 97.0985709753
194.480496568 169.239086966
80.3857436727 157.412732254
201.955261038 154.5023365
131.240367766 196.920347603
60.3382297069 43.7132483715
57.7448785813 107.6462576
36.496518789 60.9155492807
159.099027597 43.595561936
136.650925892 167.500371909
149.650464699 98.3775436399
52.5388997853 108.534738109
44.2067391463 42.399867032
60.5605227483 103.285189927
79.854565208 73.7250321811
169.177004367 146.484349248
176.587458592 99.252263599
64.0752588874 129.435295344
170.211777468 40.5451173146
74.2180520107 21.3434725135
110.431565034 11.9057463825
95.6271378042 200.020212336
152.543080757 45.0934681303
70.490139316 43.7395791317
86.7710944522 125.142642901
172.073750159 172.805837289
173.035647991 129.792061502
127.37579612 146.454987454
44.926940326 87.319960669
100.262775055 112.75884447
185.425525057 74.4987701779
178.516918288 99.7152442863
18.8511501755 108.25224406
75.039154014 193.868847055
94.6082984219 24.6662863715
91.1186199304 49.7785802291
42.8719475829 76.3286491614
110.321577117 155.12740221
115.037922665 73.6381850288
48.0626595089 96.2339648205
153.690352044 114.700087362
143.558192315 26.4685051552
52.670041259 49.8693436551
91.6547567504 28.9763441782
45.6642466239 158.088933313
85.8935903415 200.589363476
181.879727474 44.0727719982
173.017432923 108.03567125
74.7425323512 155.627350635
24.2806010505 134.731641003
95.1766924525 208.522847271
138.207423615 182.945588703
70.5754811529 42.9710256226
63.7675759863 166.861297518
152.994077731 123.604440031
179.765513431 102.223145785
155.636961918 205.050308235
94.6118800922 98.3601687747
98.6332907916 123.523045033
89.7387170198 121.668861974
169.741970745 193.696636776
37.3008341518 157.583569851
141.443322002 96.4522105348
57.0703947128 129.536457046
128.833231783 60.1593867071
142.644242315 17.7924276045
28.8771727864 86.9706743002
111.589726761 73.9815752456
160.020107675 159.264754933
121.207319337 180.780576958
102.217430528 109.462853299
46.3123295123 139.826151426
159.232971133 52.0674386301
158.305757321 123.190832743
111.870057124 145.515305766
186.685820642 49.9293252657
76.8674335816 165.408409472
59.9573323309 147.815583767
130.198847145 45.5993434919
36.8912638763 80.4771778803
62.4549937085 186.044737451
76.321204609 207.717367349
48.3909410766 107.667396398
46.421613444 155.503426522
187.917396419 114.124921723
116.838500609 150.967941996
59.4202969348 153.489265179
186.370633037 179.69954561
153.899119843 203.507745831
71.8345402918 138.303270538
132.284372662 61.7380131089
46.7512040016 131.438905147
183.542286404 165.804543347
124.044432474 115.586281997
121.993351497 52.3280547468
65.701003842 26.5214717893
97.1211176359 43.5783820578
179.72852633 152.264787401
30.2588980056 84.858443947
158.450538607 173.287763062
57.269310615 118.752799389
179.590542151 123.160654504
148.789138333 193.770217804
90.1349544344 200.368203853
64.8391476502 61.0525468197
134.467229792 27.3342381903
30.1357963367 70.3494123367
91.0626055449 98.8467000002
95.9677780149 67.2230942377
161.691946375 94.8728238654
113.639469735 39.4813683157
204.69120488 128.851177637
59.3521970421 78.031972331
158.15240152 61.4698669993
164.530134123 42.5890193645
128.318465342 148.699307611
58.0364690854 94.4655109161
133.503575681 78.1486017076
174.269461666 105.835900123
57.1572149053 166.132583045
98.1032212787 210.574732201
82.0544696597 198.156384838
40.64353043 116.321395114
125.149982968 23.3487219066
34.3620476509 73.4179077222
78.1069095937 22.522007876
54.3107167694 41.93893713
149.372739666 103.283675332
203.002417768 119.944819095
67.0751618571 165.790696641
179.029448845 139.427511783
115.045860381 147.906402404
48.2971138638 118.109822438
85.6082798696 162.533025575
163.968701121 109.928106775
186.490853696 105.897698719
198.356578873 123.967987276
165.774136754 148.463624692
93.7970060235 203.255424533
62.9281561604 95.0326249349
142.25372705 204.035275906
157.869542657 32.3223780831
152.223146575 59.9316491865
153.053200629 115.08427245
145.754678857 131.909213275
197.973413235 88.5156103996
162.576232978 93.1833121604
82.9191697685 102.514894155
128.523336205 32.7120483966
96.036096396 186.489803214
85.3778889369 65.9356959552
162.861575103 160.213503644
112.041326043 29.7706161268
89.9157622923 93.2900679071
145.601427979 24.8005404944
152.11864619 176.114178573
149.997968298 43.6502217612
45.9484292824 99.3745269202
203.680192429 134.438907547
131.482344286 192.78385305
69.5454969969 125.424230022
115.915721019 91.596693692
125.604175699 167.98182599
157.059566327 158.326264845
52.5200980858 179.470504338
100.216998678 129.083380372
38.5981440432 58.5588061749
95.7071685825 38.3961442454
122.364324634 13.088641548
165.208104665 26.3826246415
113.319858838 102.549100765
96.600620496 177.414531983
211.446134061 86.2373871157
97.8462479209 159.165948477
85.8745431362 166.004849627
143.864992618 29.2549680182
141.204121674 67.6238746368
130.950436048 211.049931035
140.172547063 60.7646846197
85.0085176923 36.2047661359
162.697821525 110.134981271
106.265356504 184.953632395
153.486551469 166.372103281
13.9938590819 88.0108353325
91.4958905751 163.455297273
91.7687034149 207.009406889
85.3842300815 105.818156053
61.6567107841 194.577394159
145.195820306 193.348930857
97.3968351542 23.1818685384
101.211471663 193.386796037
49.8619041983 158.547334208
16.6551822084 122.822661113
182.503568744 156.143467002
104.193997293 176.209309364
66.7053965882 101.767772549
166.762804985 149.799112141
121.122109823 78.8589826224
74.7901655719 177.017541048
137.057375499 91.2287628123
169.85571874 27.8949026619
169.149479546 29.4895008509
213.802923879 113.903030916
156.850163764 203.568084992
39.910907872 148.471047189
120.935906538 145.5058272
12.614823602 114.028098923
138.80736536 37.4794006225
89.8536594802 89.1073154311
155.281637958 196.628613237
199.432320408 104.590501582
177.499831529 34.9890412402
79.4517915627 97.5904789529
24.4435277591 113.410482739
40.1415394713 170.67605791
170.81987789 142.963992957
120.073665941 78.7796274786
24.2253141649 136.883818221
71.7026917654 65.1645879833
161.495890922 23.9743263998
74.4059570837 46.2189665464
157.660053836 146.44163024
29.8834691232 113.462949584
171.340065705 193.257812899
106.136684936 37.6876443182
96.9909804409 114.563256938
120.991510187 135.490714164
110.475820958 49.8849362253
206.118342818 136.455083491
168.227582414 110.03259122
76.8795420675 20.8056059695
95.3222771057 193.168780197
123.96993626 15.648988124
125.336426787 48.4071177106
153.904307411 132.161320456
39.1693875652 143.25178873
44.8132383418 57.8744281293
64.2613571616 96.8670966699
69.0144231539 118.569980087
96.7840065929 62.6488125425
42.3401332487 115.005807981
50.8675150841 40.5334757375
125.040453724 45.6527853754
140.155796179 119.665592358
144.410319811 91.6364073782
195.155907287 99.1296668536
169.861414697 146.354554476
134.678890072 78.2189122613
37.6869038915 165.953857439
115.271163484 111.490969286
187.922837062 161.988317132
46.1780645449 50.8988556575
60.1389250598 70.9571942727
49.079599889 146.598655223
74.5873946053 169.665604235
81.4043885595 199.520355997
145.319923171 51.9169706567
118.552463369 35.3809972385
33.4820830743 127.329105313
93.5990099404 130.623526001
65.6700722174 113.219825901
139.360455148 168.647990957
59.7863779973 173.952859371
65.1114988904 155.409573389
52.7179082765 131.630713978
80.4284387331 109.639643517
134.301775756 158.586959962
135.820634144 156.031040127
17.3403882102 113.171691211
149.75344859 36.8036735199
28.8389544608 89.328727552
56.0856532611 170.239746989
115.82425351 68.8465168261
42.348366276 104.988657254
124.136906528 121.46415821
127.771684081 150.10274842
69.2671004376 200.206563772
169.677840017 84.814583889
122.821462786 162.080534075
172.589958602 97.202672988
131.178823086 47.5288445676
166.457036632 159.215405399
153.205220202 49.6087751131
64.7446158748 191.164853901
144.630990749 158.726201861
61.3510603447 175.836711246
93.2887021431 194.644278227
50.7144976831 145.659834486
181.283789943 141.739440263
159.350071147 119.518092089
51.8145986021 105.258392836
163.084177257 182.87014426
203.892717696 111.039244307
86.1557864206 20.8016130421
190.673435556 75.5440245061
56.4649309225 59.9949814009
67.2612836545 100.137244519
119.949261859 171.64378478
135.130499412 196.398733774
159.107477657 116.215354169
29.6498337107 160.62801965
106.400613649 199.601899626
52.4689286166 136.676678222
128.354094808 53.2853813253
39.3621624375 97.8170671737
58.5736646284 157.712318469
24.3790612011 103.215703772
208.588306717 147.086122563
198.455197547 94.5310253292
173.713725862 140.423654334
119.198215404 139.216926744
33.8019656788 154.173752656
113.396877743 138.892996281
145.520561586 128.822729684
166.090227367 89.021738451
22.1037668442 106.944445628
38.1606353101 92.431423661
129.413152982 85.7250210259
191.276466298 108.330296583
30.2343159207 81.8682288734
138.289957141 198.181762055
79.2833134311 85.5518285154
86.8113322584 83.1908839379
127.166319052 81.1808822005
168.028874384 38.1307756225
175.137212711 85.7555079196
123.030588048 212.366612002
120.975070162 166.528114462
179.86333681 49.2967230272
49.1034609709 124.043208276
198.638237376 152.133250866
188.511137372 44.5548288572
138.060151661 151.655501424
116.012758124 61.858083966
160.345937343 125.239322573
108.800971611 46.8901020485
103.983251846 54.276664043
47.5270760158 159.548948613
183.260134378 136.195088138
160.341845613 155.569898954
55.001494049 191.285191561
117.140248936 82.1510052075
74.8464960927 26.7910993736
92.5809287965 190.524372356
144.562299118 69.0330518643
32.0256881885 66.4517621613
131.731472506 212.601073005
161.431805651 180.893647624
102.610775153 139.481622788
83.0049445267 51.3286278737
69.532275488 34.210883244
125.171085935 93.8801518293
112.228383761 189.794442352
163.919300473 92.3375520693
170.66518353 168.717132888
45.6910512494 170.009204908
184.388660628 178.927894005
24.6919236808 69.6454285394
122.655511003 41.1325212483
72.1296445598 118.824999683
48.8718718772 182.81220167
123.08014528 144.734997424
81.0484195907 204.69515008
170.154793021 87.2633913339
180.641419157 158.798888396
95.249498439 117.809417129
169.66787432 49.1467908009
129.146051592 26.1607278016
89.6101858818 135.127057351
154.348683996 25.5751511352
92.6473934189 162.856257804
48.0287220104 82.350248599
76.9563190094 191.178572293
198.932215578 156.162352789
55.8247615841 167.375331569
73.8526558667 172.227882012
169.502041145 98.4824987927
164.427579128 177.26572947
161.910121747 156.819649004
86.0637705572 200.119927391
101.78114335 86.062014439
141.455300471 101.775670625
105.786310817 30.5101779045
67.0067118426 50.2237355139
95.6461604986 154.50273432
138.908902173 109.255423555
145.190962007 28.1841381783
77.4035280373 154.336163843
86.4390476711 111.355683216
32.3450563936 100.492059887
72.5551069266 157.257276452
99.0376102503 150.707954129
117.977784249 102.857001713
136.770473029 89.3777769178
135.162768339 122.080927939
136.963088891 94.9204723996
29.9553786445 128.334338997
180.777059854 178.506157461
130.389917522 62.0591794617
126.949205207 136.044966539
101.309437387 120.648492012
118.297171952 119.431279093
131.014214411 61.537428703
55.818908687 196.785787827
56.2339803821 144.687627027
70.1571498338 152.1260448
117.391709847 130.625047284
133.743671949 101.216891255
199.786086821 147.660471084
58.6056771128 106.293827694
164.072285714 79.3935267438
167.425486215 111.931816519
107.290845572 136.944620927
106.839397208 85.7635268891
65.2139023517 200.588928999
43.0091685193 80.1825182181
83.2598629001 200.523144284
159.768238771 83.369419269
93.6986382459 212.653426787
91.9574907468 86.1044786357
100.339378635 116.800811605
67.556008633 63.0352197716
119.814086731 15.5273501309
181.342996111 89.1396659572
202.804660478 105.759666828
25.125760835 104.589805779
98.2017742291 116.246340045
134.379575571 132.527021041
60.779571422 115.241135987
65.9108053284 54.9974332891
57.3731905468 122.132104497
177.379405315 180.715140702
159.398588219 140.120702171
115.28425838 14.3413804162
138.442402866 98.987877816
42.526774267 80.412545898
154.462275578 146.674151113
55.1637921627 170.790691579
160.748768885 165.631854396
206.082370854 73.0782495736
116.024125931 122.232313558
195.318118721 71.9026037485
78.5544367204 98.2109980943
117.551113175 138.026460079
85.8301148974 59.9150370441
113.232180854 31.7854463781
182.06388651 96.7396969365
45.2936382502 86.9969677926
114.132823752 131.709627753
82.7556467908 199.163100463
98.5390017625 166.436865471
107.152125868 158.342337803
141.189038887 99.3993062961
91.4382135881 151.241171645
124.836715585 123.699301946
191.080207194 57.8361376378
174.390161904 32.5963072424
143.903575535 89.8893924989
45.9630271407 150.809080742
166.158603408 84.4803334829
88.6214098726 198.249940004
76.8339428192 94.191694332
27.6583028289 64.0463566436
88.6434941263 29.6458801053
32.629512882 57.4019993873
137.749243905 112.389067696
23.2654098724 137.507940594
176.476224622 156.419373287
140.118323837 143.023573575
108.40872118 199.465301606
199.735471065 144.98643328
156.18023198 201.385850371
59.3825044628 118.789897835
36.4847070136 95.4522869284
193.660058792 149.771038969
46.4647756045 134.599852282
187.400631124 96.6374884204
189.087167971 105.259958991
81.3243014684 80.9212736096
159.742226769 101.63065808
42.00495649 129.257612771
114.499867917 180.19608397
97.1860704712 203.614212974
82.0610038732 169.645712589
167.670331832 111.528002027
143.073128517 92.6807826442
82.7113743995 46.8324000991
106.734460354 103.367735705
152.953617621 43.9726650347
102.19002585 70.3692670267
61.8302085662 145.352131597
106.713152703 39.6204595971
37.3242851688 144.05515813
47.7862898571 120.843821497
26.1720726213 108.621680472
120.518251128 128.137742681
133.757312191 116.279792761
44.8556322169 114.062964745
84.9703643495 30.3764111013
79.828750148 46.9768781773
153.821175999 187.380977479
149.783356486 202.214985995
24.277097443 116.424601926
181.482036585 119.002928973
186.548909256 60.0290101705
151.347548537 136.001040574
14.0856301885 115.506463097
103.834317903 46.1943233078
44.2577148112 51.7447076163
57.6547976467 60.3396776025
85.4957900706 24.9103383565
114.971411062 165.302954844
30.3242536163 62.3215418606
133.439596809 34.6995037475
26.4911715615 83.2846498108
139.55070836 26.2083128598
106.718861092 111.931709891
69.158595896 119.487406831
155.328128845 197.076632965
126.056714999 144.117725446
94.6965286801 34.663535623
188.990376638 105.23711338
116.590573899 191.017446646
103.923277717 56.9621747154
175.656849802 76.3832441578
42.4242849461 127.722308572
158.773120402 120.123307948
107.427578846 12.3087437896
111.648267223 54.246999581
188.413132352 112.734934378
29.1688502797 67.6163250577
210.412738779 100.640326594
58.6639775573 86.1190483904
174.714869171 114.545008435
115.010458916 24.3606105987
121.508729685 113.242203784
32.2158694158 133.325736948
73.434525194 126.516127419
126.728720786 31.3924329002
201.573054613 100.104934494
98.036816123 31.7562710165
