127 65 0
123 80 1
31 50 2
35 53 3
10 0 4
153 63 5
170 8 6
77 27 7
122 82 8
24 40 9
110 27 10
7 87 11
84 52 12
166 37 13
65 76 14
73 74 15
128 2 16
18 9 17
109 72 18
167 69 19
139 71 20
107 3 21
76 36 22
64 7 23
129 44 24
127 26 25
155 72 26
120 95 27
141 29 28
146 45 29
155 55 30
142 71 31
50 64 32
142 18 33
166 13 34
171 97 35
34 65 36
103 92 37
111 45 38
133 31 39
106 93 40
160 74 41
74 49 42
76 98 43
137 35 44
1 0 45
58 71 46
132 89 47
20 51 48
51 3 49
39 43 50
68 45 51
65 69 52
123 15 53
47 59 54
28 45 55
159 55 56
100 83 57
132 13 58
14 22 59
41 12 60
128 9 61
95 54 62
9 72 63
2 74 64
88 32 65
57 23 66
108 5 67
127 86 68
1 30 69
59 42 70
16 66 71
146 49 72
11 63 73
11 25 74
29 84 75
64 24 76
98 82 77
89 40 78
93 63 79
17 40 80
129 87 81
162 0 82
23 71 83
91 14 84
146 80 85
107 54 86
31 26 87
100 20 88
151 14 89
48 67 90
32 19 91
83 92 92
129 92 93
142 64 94
55 78 95
128 43 96
137 9 97
73 54 98
132 87 99
58 48 100
99 13 101
78 97 102
112 88 103
132 54 104
120 32 105
140 10 106
51 64 107
76 80 108
114 47 109
106 53 110
12 86 111
11 36 112
69 95 113
131 42 114
74 5 115
140 20 116
80 69 117
44 82 118
6 38 119
3 30 120
119 60 121
54 32 122
18 29 123
95 90 124
53 79 125
117 37 126
64 49 127
20 13 128
149 71 129
121 40 130
108 12 131
165 74 132
72 63 133
37 75 134
103 74 135
56 1 136
163 45 137
21 71 138
119 60 139
110 30 140
52 67 141
6 58 142
62 5 143
171 35 144
9 52 145
60 82 146
148 35 147
24 32 148
35 89 149
135 36 150
45 10 151
101 84 152
39 98 153
115 23 154
103 62 155
128 16 156
101 56 157
60 59 158
112 56 159
14 30 160
77 11 161
62 81 162
7 83 163
47 61 164
60 26 165
168 41 166
127 37 167
74 25 168
47 15 169
161 60 170
121 33 171
125 18 172
130 95 173
106 20 174
38 17 175
119 10 176
51 90 177
68 9 178
98 20 179
69 63 180
115 65 181
13 95 182
29 92 183
79 24 184
128 83 185
36 60 186
64 48 187
134 98 188
30 65 189
160 35 190
29 58 191
84 78 192
44 33 193
100 85 194
113 88 195
63 36 196
26 51 197
145 48 198
38 63 199
