#nrNodes nrCollisions Transmission Processed Received Received Throughput OverallEnergy  DER ExperimentNumer SendDuration
1000      1425003/1431740      1344142            6727   0.3114351851851852      323574.52283904003      0.004698478774079092      0      300000
1000      74498/1438332      1438327            1363831   63.14032407407407      60526.64508211197      0.9482031964803675      6      300000
1000      99146/1439136      1439131            1339987   62.036435185185184      69528.88702003194      0.9311051908923131      8      300000
1000      97666/1438005      1406980            1309314   60.61638888888889      53282.66292441611      0.9105072652737647      5      300000
1000      0.9953129644644972      1345083            6709   0.31060185185185185      323882.33605939196      0.00468145323919721      0      300000
1000      0.05248073716030543      1440333            1364747   63.18273148148148      60575.92957363211      0.9475185685582134      6      300000
1000      0.06996668253212755      1439178            1338489   61.967083333333335      69656.13635481594      0.9300326226301692      8      300000
1000      0.06664178295284884      1406892            1311015   60.69513888888889      53338.05461260808      0.9112548064491913      5      300000
1000      0.9952110847350792      1343266            6845   0.31689814814814815      323410.220187648      0.004783324819550906      0      300000
1000      0.05156277197941834      1436226            1362170   63.06342592592593      60339.79293619202      0.9484344429513378      6      300000
1000      0.07151198640385614      1436869            1334123   61.7649537037037      69440.35489459206      0.928487317642834      8      300000
1000      0.0695368357987374      1407281            1307235   60.52013888888889      53326.54056883195      0.9085737400583969      5      300000
1000      0.9953713047431556      1344512            6625   0.30671296296296297      323619.04501555214      0.004626600192606239      0      300000
1000      0.05157832854083307      1439052            1364829   63.186527777777776      60582.66140467207      0.9484209765582111      6      300000
1000      0.0687540766103741      1438076            1339208   62.00037037037037      69539.83990272      0.9312459233896259      8      300000
1000      0.0671983731893148      1407355            1310664   60.67888888888889      53440.67382969597      0.9108861072674821      5      300000
1000      0.9952808475474867      1343809            6753   0.3126388888888889      323545.82072524785      0.004717056914124138      0      300000
1000      0.052360588353370416      1439744            1364359   63.16476851851852      60547.90372224005      0.9476380225136778      6      300000
1000      0.07088537666009863      1437253            1335381   61.82319444444445      69486.76627200001      0.9291132318071001      8      300000
1000      0.06694819397314791      1407946            1311589   60.72171296296296      53331.30122495993      0.9112737373653157      5      300000
1000      0.9953102871706401      1343566            6702   0.31027777777777776      323311.90979788714      0.004684819702246225      0      300000
1000      0.05207595339785845      1438299            1363402   63.12046296296296      60460.610715648014      0.9479240466021416      6      300000
1000      0.07101845180637426      1437898            1335790   61.84212962962963      69717.01502515202      0.9289815481936258      8      300000
1000      0.06845267641127283      1408689            1310087   60.652175925925924      53344.76664115199      0.909495263649333      5      300000
1000      0.9953560846804526      1345359            6647   0.3077314814814815      323872.39201996755      0.004638332851845494      0      300000
1000      0.05216049103995187      1439556            1364469   63.16986111111111      60549.619832064054      0.9478395089600481      6      300000
1000      0.06963165591086815      1438133            1337997   61.94430555555556      69581.93423385604      0.9303669534029743      8      300000
1000      0.06924090550346118      1406387            1306812   60.50055555555556      53382.13008479997      0.908710481574583      5      300000
1000      0.9953071007278084      1343426            6709   0.31060185185185185      323285.0156912641      0.004690102966949769      0      300000
1000      0.052476664717859806      1438482            1362995   63.10162037037037      60408.35636352002      0.9475198594078361      6      300000
1000      0.06685693656193939      1437605            1341493   62.10615740740741      69434.930138112      0.9331430634380606      8      300000
1000      0.06976356154498059      1406802            1306456   60.48407407407407      53347.56446265605      0.9082785091911982      5      300000
1000      0.9952514060082769      1344525            6794   0.31453703703703706      323729.10745190387      0.00474300905318537      0      300000
1000      0.05244430660796873      1438094            1362674   63.08675925925926      60413.18316211201      0.9475536073018719      6      300000
1000      0.06869047966256821      1440041            1341135   62.08958333333333      69762.33627263994      0.9313088259190281      8      300000
1000      0.06734287161113169      1408019            1311072   60.69777777777778      53402.36524320004      0.9107177464898308      5      300000
1000      0.9953492300368684      1345041            6658   0.30824074074074076      323783.79966873594      0.00464727996616099      0      300000
1000      0.050594328031267545      1438932            1366133   63.24689814814815      60513.61693977603      0.9494049770107913      6      300000
1000      0.06886960778451025      1438125            1339092   61.995      69651.83803776007      0.9311290015283652      8      300000
1000      0.06650404005925745      1407014            1311351   60.71069444444444      53294.006192448025      0.9116296562525852      5      300000
1000      0.9951679514168117      1343436            6907   0.3197685185185185      323469.8844241919      0.004825760492203815      0      300000
1000      0.05264911997506318      1437230            1361563   63.035324074074076      60497.58510259206      0.9473508800249368      6      300000
1000      0.0704586131933407      1437023            1335775   61.84143518518518      69549.20004172799      0.9295399950453297      8      300000
1000      0.06744200908293983      1407996            1310905   60.690046296296295      53332.05677433608      0.9105897242470593      5      300000
1000      0.9953389614319851      1343762            6662   0.30842592592592594      323361.4039941125      0.004656146189850831      0      300000
1000      0.05300165256634241      1438972            1362705   63.08819444444445      60543.52027468803      0.9469976524940686      6      300000
1000      0.0692842027401679      1438446            1338788   61.98092592592592      69592.48064102401      0.9307144068762809      8      300000
1000      0.06824493442710787      1405863            1307790   60.545833333333334      53259.02006764797      0.9100182798310211      5      300000
1000      0.9952345352747001      1344652            6824   0.31592592592592594      323768.65760870423      0.004763370629185138      0      300000
1000      0.05313569618495505      1440348            1363815   63.139583333333334      60655.48980479988      0.9468636095393481      6      300000
1000      0.07004213248790256      1438312            1337576   61.924814814814816      69509.27022336003      0.9299571722565215      8      300000
1000      0.06808431470009191      1409119            1311046   60.69657407407407      53331.45147033598      0.910127538340641      5      300000
1000      0.9951705430362933      1344133            6911   0.3199537037037037      323596.67092684767      0.004826663351580276      0      300000
1000      0.05130370468111408      1439931            1366059   63.24347222222222      60591.50809958397      0.9486949063673012      6      300000
1000      0.07134896957283579      1439298            1336612   61.880185185185184      69628.099149312      0.9286503356478747      8      300000
1000      0.06835702081337751      1406995            1308660   60.58611111111111      53449.56864038399      0.9096798679822105      5      300000
1000      0.9952851559200473      1344739            6752   0.3125925925925926      323745.605517312      0.004713447916470331      0      300000
1000      0.051152363278844565      1437173            1363659   63.13236111111111      60492.751351295985      0.9488455492955983      6      300000
1000      0.06923536260684222      1435168            1335810   61.84305555555556      69420.34676121594      0.930763243836823      8      300000
1000      0.06974875348278817      1409608            1309099   60.606435185185184      53440.635127871865      0.9084561923366516      5      300000
1000      0.9953338896880081      1344002            6670   0.3087962962962963      323348.97394483193      0.0046619166837906486      0      300000
1000      0.0516075361444569      1438877            1364621   63.17689814814815      60578.78269977599      0.9483917688700718      6      300000
1000      0.07151668984700973      1437993            1335158   61.81287037037037      69552.66245452802      0.9284826147426982      8      300000
1000      0.06796586374284742      1406418            1308675   60.58680555555556      53397.16649491202      0.9099907587619661      5      300000
1000      0.9952848495339993      1344881            6752   0.3125925925925926      323772.4996239359      0.004713056394735226      0      300000
1000      0.05158948998798419      1439764            1365492   63.21722222222222      60659.67428505599      0.9484098154566354      6      300000
1000      0.07012127495502862      1438123            1337289   61.91152777777778      69606.15443020807      0.9298759436687881      8      300000
1000      0.06713844772355909      1407401            1310802   60.68527777777778      53355.81265286394      0.9110364657288037      5      300000
1000      0.9952453884945522      1345151            6804   0.315      323747.1875235838      0.004749724957137991      0      300000
1000      0.0523190361854617      1438114            1362875   63.09606481481482      60566.58559564799      0.9476788777562913      6      300000
1000      0.0692576459349333      1436183            1336721   61.88523148148148      69531.27101183985      0.9307423540650667      8      300000
1000      0.06875416889529404      1406196            1307347   60.52532407407407      53224.59465081607      0.9093126600177641      5      300000
1000      0.9953342475026081      1345318            6685   0.30949074074074073      323858.1539635199      0.004665054658250727      0      300000
1000      0.052615804837886436      1438061            1362400   63.074074074074076      60680.02245887999      0.9473834997837374      6      300000
1000      0.0703683900569519      1438227            1337024   61.89925925925926      69618.60853939196      0.9296309146444486      8      300000
1000      0.06941033267769066      1403701            1304081   60.37412037037037      53264.975627136      0.9086197154050945      5      300000
1000      0.9952629420072017      1343123            6777   0.31375      323420.16422707203      0.004735660424427538      0      300000
1000      0.051875801528096385      1439435            1364765   63.183564814814815      60464.778198527936      0.9481235037563271      6      300000
1000      0.06958741020452158      1437984            1337923   61.94087962962963      69732.06922598409      0.9304118943803503      8      300000
1000      0.0690434445419654      1407596            1308243   60.566805555555554      53296.157126399914      0.9091290035420259      5      300000
1000      0.9952894970438977      1344723            6744   0.31222222222222223      323852.05193932785      0.004706315842363542      0      300000
1000      0.05142587752326399      1438162            1364207   63.157731481481484      60527.39474918391      0.9485734271471951      6      300000
1000      0.06915896819634645      1437938            1338499   61.9675462962963      69591.51199334401      0.9308396409327736      8      300000
1000      0.06814974278723714      1407577            1309504   60.62518518518519      53404.88716339188      0.9099585082424131      5      300000
1000      0.995275081448463      1344178            6761   0.31300925925925926      323677.1272458235      0.004720729174958141      0      300000
1000      0.052716884547269346      1438170            1362356   63.072037037037035      60505.06513919993      0.9472824201260905      6      300000
1000      0.07001903855638077      1437600            1336948   61.89574074074074      69596.948196864      0.9299802658441899      8      300000
1000      0.06659325156105651      1405911            1310184   60.656666666666666      53343.529825920006      0.9114399563683314      5      300000
1000      0.9952734921685787      1344792            6762   0.31305555555555553      323616.1070039039      0.0047223176649040036      0      300000
1000      0.05174277635354357      1439367            1364891   63.18939814814815      60649.116895488      0.9482558341496627      6      300000
1000      0.06963210655840274      1438448            1338296   61.95814814814815      69659.15378611196      0.930367198253688      8      300000
1000      0.06914357813950094      1407557            1308098   60.56009259259259      53278.162395264015      0.90935810939982      5      300000
1000      0.9952774943746419      1343668            6751   0.3125462962962963      323411.80219391984      0.004717614009587567      0      300000
1000      0.05280870889007016      1437242            1361345   63.025231481481484      60404.30572492799      0.9471912911099298      6      300000
1000      0.07056207176543869      1438456            1336960   61.8962962962963      69548.05922380801      0.9294358426766328      8      300000
1000      0.068651378837304      1407523            1308736   60.58962962962963      53239.889948352036      0.9094975141872705      5      300000
1000      0.9952486163917845      1343775            6796   0.31462962962962965      323539.04069836816      0.004747192443609626      0      300000
1000      0.05169394757448181      1437999            1363664   63.132592592592594      60441.96085171186      0.9483046616068684      6      300000
1000      0.0695654289577316      1438535            1338470   61.966203703703705      69586.16821094394      0.9304331807486036      8      300000
1000      0.0664602307394029      1407638            1312002   60.740833333333335      53389.996192128005      0.9117291834893879      5      300000
1000      0.9952813819867211      1344317            6752   0.3125925925925926      323678.2572503041      0.004714428651325688      0      300000
1000      0.05183496571171141      1438392            1363833   63.14041666666667      60462.403220736065      0.9481650342882886      6      300000
1000      0.06896304808622136      1438427            1339238   62.00175925925926      69567.31859404806      0.9310369519137787      8      300000
1000      0.06935049596681359      1406392            1306687   60.49476851851852      53358.14604940804      0.9088750967693471      5      300000
1000      0.995359031182927      1344992            6644   0.3075925925925926      323785.83367679984      0.00463747884202628      0      300000
1000      0.05184259881020405      1438565            1363987   63.1475462962963      60544.59634713595      0.948157401189796      6      300000
1000      0.06890644120591835      1438230            1339134   61.996944444444445      69455.6530567681      0.9310921682055846      8      300000
1000      0.06733133774329514      1405779            1308991   60.60143518518519      53339.423786688065      0.9106005343988848      5      300000
1000      0.9951783493775586      1343892            6895   0.319212962962963      323511.24258816      0.004816760510248278      0      300000
1000      0.052735674394121      1439965            1364033   63.149675925925926      60654.35536512002      0.9472622422349293      6      300000
1000      0.06875076950472762      1437608            1338774   61.98027777777778      69603.48947481601      0.9312478393002845      8      300000
1000      0.06780456466328204      1406700            1309180   60.61018518518519      53324.21592614402      0.9102488691243483      5      300000
1000      0.9953152490669992      1343167            6696   0.31      323316.6558167041      0.004680556885612251      0      300000
1000      0.051849319969626675      1439415            1364784   63.184444444444445      60499.43126092801      0.9481479011352482      6      300000
1000      0.07009823297351857      1439527            1338627   61.97347222222222      69591.39878169601      0.929901072358682      8      300000
1000      0.0694905311271038      1407057            1307081   60.513009259259256      53468.774396159904      0.9085064856531597      5      300000
1000      0.9952821329199876      1344798            6749   0.3124537037037037      323681.8732646405      0.004712281326476821      0      300000
1000      0.05193894750591613      1439283            1364531   63.172731481481485      60665.11811712003      0.9480610524940839      6      300000
1000      0.06858000560347555      1438387            1339748   62.02537037037037      69630.82942464      0.9314199943965245      8      300000
1000      0.06689843200391513      1406982            1310748   60.68277777777778      53262.98549395204      0.9111756216788875      5      300000
1000      0.9953941570874537      1344467            6587   0.3049537037037037      323654.52715622395      0.0045995584088753955      0      300000
1000      0.050999981915886616      1437724            1364400   63.166666666666664      60505.451939328064      0.9489986269984684      6      300000
1000      0.06987323463760961      1438085            1337606   61.926203703703706      69682.1266944      0.9301267653623904      8      300000
1000      0.06761241364081105      1408234            1310868   60.68833333333333      53441.53399219198      0.9102864392550037      5      300000
1000      0.9952944706715655      1344944            6738   0.31194444444444447      323858.15396351955      0.004702040132729004      0      300000
1000      0.052144053055087396      1441216            1366067   63.24384259259259      60619.896826368094      0.9478552530878375      6      300000
1000      0.06961011847805286      1436968            1336947   61.895694444444445      69471.78130252799      0.9303898815219471      8      300000
1000      0.06601466992665037      1407678            1312667   60.77162037037037      53304.81562233604      0.9120360237926005      5      300000
1000      0.9953193367326275      1344164            6698   0.3100925925925926      323647.29512755206      0.0046771717984277214      0      300000
1000      0.051229706383117884      1437209            1363582   63.128796296296294      60432.380507136026      0.9487682062436118      6      300000
1000      0.07139254946560797      1437605            1334980   61.80462962962963      69671.69202048      0.928607450534392      8      300000
1000      0.06881625472409873      1406383            1307419   60.52865740740741      53343.242915519986      0.9091262459973368      5      300000
1000      0.9953399521343816      1343318            6662   0.30842592592592594      323333.153882112      0.004656553004462239      0      300000
1000      0.051418095681208226      1437875            1363946   63.14564814814815      60525.977740799986      0.9485819043187917      6      300000
1000      0.06872306298577009      1438302            1339463   62.01217592592592      69632.26474828797      0.9312762417533367      8      300000
1000      0.06945670065025691      1406515            1306635   60.49236111111111      53276.02054348793      0.9086177294622498      5      300000
1000      0.9952848541832424      1344431            6747   0.3123611111111111      323533.1646750721      0.004713050196394555      0      300000
1000      0.05219715682499614      1438813            1363712   63.13481481481482      60502.290359808016      0.9478028431750039      6      300000
1000      0.0709776285887038      1438885            1336761   61.88708333333334      69467.62660992003      0.9290223714112962      8      300000
1000      0.06716935500684536      1407369            1310717   60.68134259259259      53366.99874854398      0.9108969859548415      5      300000
1000      0.9952219432535825      1342506            6826   0.31601851851851853      323151.90116352006      0.004773860560750278      0      300000
1000      0.05201512752907296      1438962            1364117   63.153564814814814      60532.875194879955      0.9479841775274745      6      300000
1000      0.06925368654501392      1439274            1339610   62.01898148148148      69556.26175872004      0.9307449238790291      8      300000
1000      0.0693259034668159      1408818            1308968   60.60037037037037      53456.919650496086      0.9088080160354034      5      300000
1000      0.9953435055314208      1343450            6658   0.30824074074074076      323531.3566679036      0.0046509061163816255      0      300000
1000      0.05080051449203666      1435199            1362292   63.069074074074074      60322.52525798403      0.9491987887419332      6      300000
1000      0.07045382704899526      1439413            1338011   61.9449537037037      69695.07371904008      0.929545478229154      8      300000
1000      0.06910253238106094      1407315            1307891   60.55050925925926      53302.48671494395      0.909012624374133      5      300000
1000      0.9952276077415863      1345452            6836   0.3164814814814815      323961.6623738877      0.004768904177534945      0      300000
1000      0.05174064905840803      1438941            1364492   63.17092592592593      60504.896229888036      0.948257961035369      6      300000
1000      0.06891937964000194      1437228            1338177   61.95263888888889      69545.80272076798      0.9310806203599981      8      300000
1000      0.06682771071089044      1405475            1309452   60.62277777777778      53375.34924479998      0.9113199904793322      5      300000
1000      0.9952677621270142      1344199            6769   0.3133796296296296      323654.0751544322      0.004726651639699125      0      300000
1000      0.05091088058625577      1438544            1365314   63.20898148148148      60496.34887296004      0.9490884242707777      6      300000
1000      0.06955507454838342      1437714            1337722   61.93157407407407      69553.02807552002      0.9304442299078265      8      300000
1000      0.06721255093781157      1407964            1311228   60.705      53281.097342784      0.9110463399467086      5      300000
1000      0.9952864926502544      1343728            6742   0.31212962962962965      323453.8383605765      0.004710712504000123      0      300000
1000      0.05317217351651499      1438570            1362080   63.05925925925926      60585.66955161603      0.946827826483485      6      300000
1000      0.06848441882087286      1440161            1341538   62.10824074074074      69702.72336614397      0.9315155811791271      8      300000
1000      0.06644954036659516      1407837            1312190   60.74953703703704      53456.93947583998      0.9116178317752854      5      300000
1000      0.9952532994845801      1343244            6784   0.31407407407407406      323334.5098874884      0.004741807730320869      0      300000
1000      0.052161194842120465      1440585            1365445   63.21504629629629      60600.50489011196      0.9478360285216078      6      300000
1000      0.06822711587649744      1437948            1339850   62.030092592592595      69709.29324902406      0.9317701024088259      8      300000
1000      0.06789787177270744      1407768            1310055   60.65069444444445      53353.51779398406      0.91030913078161      5      300000
1000      0.9953202952178918      1345050            6696   0.31      323761.87758182373      0.004674120408859887      0      300000
1000      0.0523107491281078      1437390            1362199   63.06476851851852      60472.064970239946      0.9476885551669657      6      300000
1000      0.07118450589033706      1436669            1334406   61.778055555555554      69602.50171775998      0.9288154941096629      8      300000
1000      0.06938587678827157      1404849            1305187   60.42532407407408      53241.47969318404      0.9086685700719799      5      300000
1000      0.35961667121720226      1439390            921761   42.67412037037037      26557.385766911983      0.6403826340445369      0      300000
1000      0.05155246617203796      1439187            1364997   63.19430555555556      60570.079739135894      0.9484454493278877      6      300000
1000      0.06891729161533469      1440778            1341488   62.10592592592592      69628.82619264002      0.9310813202525012      8      300000
1000      0.06830480889578197      1404998            1306875   60.50347222222222      53277.85467225595      0.9097341818500765      5      300000