#rectime
362.496
395.264
123.392
70.912
57.599999999999994
25.728
17.728
57.599999999999994
452.60800000000006
205.824
17.728
113.15200000000002
370.688
113.15200000000002
428.03200000000004
61.696
987.136
31.872
452.60800000000006
51.456
139.776
19.52
19.52
56.57600000000001
92.672
34.944
28.799999999999997
19.52
70.912
102.912
395.264
70.912
31.872
164.864
181.248
102.912
395.264
197.632
1318.912
205.824
205.824
7.968
8.864
7.072000000000001
1581.056
78.08
214.01600000000002
428.03200000000004
741.376
69.888
329.728
31.872
724.992
28.288000000000004
362.496
14.144000000000002
428.03200000000004
205.824
15.936
39.04
724.992
39.04
19.52
31.872
19.52
102.912
92.672
362.496
51.456
246.784
92.672
790.528
8.864
181.248
31.872
411.648
14.144000000000002
31.872
28.288000000000004
78.08
905.2160000000001
19.52
1449.984
246.784
70.912
31.872
102.912
139.776
181.248
452.60800000000006
452.60800000000006
69.888
329.728
329.728
823.296
39.04
428.03200000000004
246.784
214.01600000000002
63.744