#rectime
14.144000000000002
14.144000000000002
14.144000000000002
28.288000000000004
14.144000000000002
28.288000000000004
14.144000000000002
28.288000000000004
14.144000000000002
14.144000000000002
28.288000000000004
28.288000000000004
14.144000000000002
14.144000000000002
14.144000000000002
28.288000000000004
14.144000000000002
14.144000000000002
14.144000000000002
14.144000000000002
14.144000000000002
14.144000000000002
14.144000000000002
14.144000000000002
28.288000000000004
14.144000000000002
28.288000000000004
14.144000000000002
14.144000000000002
14.144000000000002
28.288000000000004
25.728
25.728
25.728
25.728
25.728
25.728
25.728
51.456
25.728
25.728
25.728
25.728
25.728
25.728
25.728
25.728
51.456
46.336
46.336
46.336
46.336
46.336
46.336
92.672
46.336
92.672
46.336
92.672
92.672
185.344
92.672
92.672
329.728
329.728
164.864
329.728
14.144000000000002
28.288000000000004
28.288000000000004
1318.912
1318.912
1318.912
1318.912
1318.912
1318.912
1318.912
1318.912
1318.912
1318.912
1318.912
1318.912
1318.912
1318.912
1318.912
1318.912
1318.912
1318.912
1318.912
1318.912
1318.912
1318.912
1318.912
1318.912
1318.912
1318.912
1318.912
1318.912
1318.912
1318.912
1318.912
1318.912
1318.912
1318.912
1318.912
1318.912
1318.912
1318.912
1318.912
1318.912
1318.912
1318.912
1318.912
1318.912
1318.912
1318.912
1318.912
1318.912
1318.912
1318.912
1318.912
1318.912
1318.912
1318.912
1318.912
1318.912
1318.912
1318.912
1318.912
1318.912
1318.912
1318.912
1318.912
1318.912
1318.912
1318.912
1318.912
1318.912
1318.912
1318.912
56.57600000000001
56.57600000000001
56.57600000000001
56.57600000000001
56.57600000000001
56.57600000000001
56.57600000000001
56.57600000000001
56.57600000000001
56.57600000000001
56.57600000000001
56.57600000000001
56.57600000000001
56.57600000000001
56.57600000000001
56.57600000000001
56.57600000000001
56.57600000000001
56.57600000000001
56.57600000000001
56.57600000000001
56.57600000000001
56.57600000000001
56.57600000000001
56.57600000000001
56.57600000000001
56.57600000000001
56.57600000000001
56.57600000000001
56.57600000000001
56.57600000000001
102.912
102.912
102.912
102.912
102.912
102.912
102.912
102.912
102.912
102.912
102.912
102.912
102.912
102.912
102.912
102.912
102.912
185.344
185.344
185.344
185.344
185.344
185.344
185.344
185.344
185.344
185.344
370.688
370.688
370.688
370.688
370.688
741.376
741.376
741.376
1318.912
1318.912
1318.912
1318.912
56.57600000000001
56.57600000000001
56.57600000000001
56.57600000000001
56.57600000000001
56.57600000000001
56.57600000000001
56.57600000000001
56.57600000000001
56.57600000000001
56.57600000000001
56.57600000000001
56.57600000000001
56.57600000000001
56.57600000000001
56.57600000000001
56.57600000000001
56.57600000000001
56.57600000000001
56.57600000000001
56.57600000000001
56.57600000000001
56.57600000000001
56.57600000000001
56.57600000000001
56.57600000000001
56.57600000000001
56.57600000000001
56.57600000000001
56.57600000000001
56.57600000000001
102.912
102.912
102.912
102.912
102.912
102.912
102.912
102.912
102.912
102.912
102.912
102.912
102.912
102.912
102.912
102.912
102.912
185.344
185.344
185.344
185.344
185.344
185.344
185.344
185.344
185.344
185.344
370.688
370.688
370.688
370.688
370.688
741.376
741.376
741.376
1318.912
1318.912
1318.912
1318.912
56.57600000000001
56.57600000000001
56.57600000000001
56.57600000000001
56.57600000000001
56.57600000000001
56.57600000000001
56.57600000000001
56.57600000000001
56.57600000000001
56.57600000000001
56.57600000000001
56.57600000000001
56.57600000000001
56.57600000000001
56.57600000000001
56.57600000000001
56.57600000000001
56.57600000000001
56.57600000000001
56.57600000000001
56.57600000000001
56.57600000000001
56.57600000000001
56.57600000000001
56.57600000000001
56.57600000000001
56.57600000000001
56.57600000000001
56.57600000000001
56.57600000000001
102.912
102.912
102.912
102.912
102.912
102.912
102.912
102.912
102.912
102.912
102.912
102.912
102.912
102.912
102.912
102.912
102.912
185.344
185.344
185.344
185.344
185.344
185.344
185.344
185.344
185.344
185.344
370.688
370.688
370.688
370.688
370.688
741.376
741.376
741.376
1318.912
1318.912
1318.912
1318.912
56.57600000000001
56.57600000000001
56.57600000000001
56.57600000000001
56.57600000000001
56.57600000000001
56.57600000000001
56.57600000000001
56.57600000000001
56.57600000000001
56.57600000000001
56.57600000000001
56.57600000000001
56.57600000000001
56.57600000000001
56.57600000000001
56.57600000000001
56.57600000000001
56.57600000000001
56.57600000000001
56.57600000000001
56.57600000000001
56.57600000000001
56.57600000000001
56.57600000000001
56.57600000000001
56.57600000000001
56.57600000000001
56.57600000000001
56.57600000000001
56.57600000000001
102.912
102.912
102.912
102.912
102.912
102.912
102.912
102.912
102.912
102.912
102.912
102.912
102.912
102.912
102.912
102.912
102.912
185.344
185.344
185.344
185.344
185.344
185.344
185.344
185.344
185.344
185.344
370.688
370.688
370.688
370.688
370.688
741.376
741.376
741.376
1318.912
1318.912
1318.912
1318.912
56.57600000000001
56.57600000000001
56.57600000000001
56.57600000000001
56.57600000000001
56.57600000000001
56.57600000000001
56.57600000000001
56.57600000000001
56.57600000000001
56.57600000000001
56.57600000000001
56.57600000000001
56.57600000000001
56.57600000000001
56.57600000000001
56.57600000000001
56.57600000000001
56.57600000000001
56.57600000000001
56.57600000000001
56.57600000000001
56.57600000000001
56.57600000000001
56.57600000000001
56.57600000000001
56.57600000000001
56.57600000000001
56.57600000000001
56.57600000000001
56.57600000000001
102.912
102.912
102.912
102.912
102.912
102.912
102.912
102.912
102.912
102.912
102.912
102.912
102.912
102.912
102.912
102.912
102.912
185.344
185.344
185.344
185.344
185.344
185.344
185.344
185.344
185.344
185.344
370.688
370.688
370.688
370.688
370.688
741.376
741.376
741.376
1318.912
1318.912
1318.912
1318.912