#rectime
1318.912
741.376
1318.912
1318.912
1318.912
56.57600000000001
1318.912
56.57600000000001
1318.912
1318.912
1318.912
1318.912
1318.912
1318.912
185.344
185.344
56.57600000000001
1318.912
1318.912
56.57600000000001
56.57600000000001
370.688
1318.912
102.912
1318.912
1318.912
1318.912
1318.912
1318.912
1318.912
56.57600000000001
56.57600000000001
28.288000000000004
56.57600000000001
28.288000000000004
28.288000000000004
56.57600000000001
102.912
14.144000000000002
14.144000000000002
102.912
56.57600000000001
56.57600000000001
56.57600000000001
14.144000000000002
185.344
28.288000000000004
14.144000000000002
14.144000000000002
185.344
102.912
102.912
185.344
14.144000000000002
102.912
28.288000000000004
14.144000000000002
56.57600000000001
185.344
56.57600000000001
14.144000000000002
28.288000000000004
56.57600000000001
28.288000000000004
14.144000000000002
14.144000000000002
14.144000000000002
14.144000000000002
14.144000000000002
14.144000000000002
14.144000000000002
14.144000000000002
14.144000000000002
14.144000000000002
28.288000000000004
14.144000000000002
14.144000000000002
14.144000000000002
14.144000000000002
28.288000000000004
14.144000000000002
14.144000000000002
28.288000000000004
14.144000000000002
14.144000000000002
28.288000000000004
14.144000000000002
14.144000000000002
28.288000000000004
14.144000000000002
14.144000000000002
28.288000000000004
56.57600000000001
28.288000000000004
14.144000000000002
14.144000000000002
14.144000000000002
14.144000000000002
14.144000000000002
14.144000000000002
14.144000000000002
14.144000000000002
14.144000000000002
14.144000000000002
28.288000000000004
14.144000000000002
14.144000000000002
14.144000000000002
14.144000000000002
28.288000000000004
14.144000000000002
14.144000000000002
28.288000000000004
14.144000000000002
14.144000000000002
28.288000000000004
14.144000000000002
14.144000000000002
28.288000000000004
14.144000000000002