189.223570834 116.250489258
27.6864917514 85.1275042363
131.723752813 205.936877136
68.8087278059 35.9537184333
195.181643466 163.939228153
75.9998910558 179.74244693
119.719683127 129.975501963
177.392739177 93.6269424207
182.537673556 46.5059671943
144.938286616 40.9992952799
188.947893649 109.765062947
98.8319395236 138.340935068
57.1800765242 97.2179325643
78.9302961967 67.8907336566
149.257968957 39.8699864274
141.328001692 148.316180181
108.907723559 160.753517249
58.1977275032 158.746919709
61.2399353515 86.1573166693
173.662344727 130.634524564
110.020815141 27.9745897308
163.892848774 40.8254179985
85.3232486084 58.526074067
107.745199139 121.196032282
92.6387391245 122.493967984
209.159966109 141.143547397
95.4542589791 186.815976378
52.0450889002 123.781593844
148.553005127 161.033228724
67.3179965649 36.9280063622
142.235724068 41.0045378215
182.365722398 181.861696025
174.679405626 152.115656532
93.7032247343 175.334144519
41.5456708946 98.2181121217
176.229461794 135.15941377
179.205287789 59.6947358102
116.639326682 103.937646176
125.319631282 131.866568022
198.876287075 91.143526072
144.618127829 85.2262805518
158.760107419 202.726125126
146.487930594 21.6207556244
171.253616446 166.021146585
194.480080884 152.93357029
126.43119601 122.653559868
99.3936402611 40.4936437237
92.2582688225 188.607057565
63.5911461809 85.0460474926
181.965147495 114.006773021
76.4364093722 69.1612605771
116.930382248 59.4633938187
176.778901687 172.681159523
75.6239989552 121.438191799
78.8305718633 170.052682074
88.9911156846 196.842097645
180.218031002 117.310860251
156.929660709 71.1793206005
39.5545922969 145.970408414
208.438165602 123.460558091
158.043848311 182.905738524
29.9006586884 94.1216823263
145.804621117 182.937316945
167.89468447 102.03220735
63.7389016756 151.532802699
53.0049170877 117.024870154
101.238502857 100.860882407
37.0739925033 70.1194518304
60.1936088638 154.444460968
83.0245330892 95.7846124118
121.947806366 27.2212506517
154.925328422 137.324791278
200.823464806 119.943236495
118.194752645 42.8794634749
93.2901192957 146.621894152
83.5779473752 56.6606109646
158.158570625 175.67693388
145.91349832 30.1687333452
174.549483279 57.4453197491
17.8739364797 141.987307036
17.3755314455 148.846010418
92.3930143566 98.9398075919
210.282738394 85.1441628454
50.9198366065 66.1564657806
125.649209502 146.236448631
129.825392548 46.4690684994
87.0486851776 41.4469587815
168.309083489 162.705644362
96.7944517086 95.8548518779
43.0065240279 94.3282552165
140.867596016 158.86858621
32.3168790066 129.123854077
187.319341374 136.111024572
45.4997055994 123.126648898
112.888458221 196.378382209
103.084810814 125.236820929
53.9899284115 56.7761080191
128.834600314 162.513725497
207.145339975 136.401856186
187.975762146 63.8099227782
194.884681805 73.6562683672
87.6590812118 13.4091650523
121.99512487 54.3163146374
55.0456323691 50.800652906
161.17707333 179.752000773
78.6464080508 126.08837346
89.8443555446 49.1274026156
186.720500669 129.003388208
105.990565704 131.893393516
144.245234685 60.7765926428
122.244485321 158.364664546
113.109600248 159.37143788
58.0099260039 187.898582993
77.4764037348 184.669566402
75.8147109956 67.7140617227
100.076322787 143.826200374
178.100299285 89.1410694978
145.095924473 168.899172488
82.0368734441 96.8249401567
89.592741445 184.900108181
72.7108605076 178.907719051
49.7693815866 144.357134238
104.390814382 203.659978581
100.434473516 177.633602485
18.4182801301 107.127338601
70.9407680707 192.080105412
77.8540215894 85.8881374348
130.895082082 99.5524967624
146.089415081 89.9493027039
62.4678720412 169.459581785
20.6242124523 101.264826142
43.9621355485 126.153755509
17.8714220922 103.97105515
133.172119579 17.7204262158
76.1545008474 159.724709167
195.741476868 170.078819115
169.513659436 107.112377564
29.0039541968 143.691599925
73.9175020518 128.449583414
89.1734707196 56.961536126
152.69182754 20.3111676783
177.625102539 143.680030955
103.819678369 142.771634395
152.029491762 30.6709924387
112.52405078 143.411695093
139.483987537 182.866690352
98.7249213206 61.7458925957
62.6619636492 28.5712454459
193.039953293 116.725247416
211.737573696 110.276724232
76.0328356497 150.603465864
172.735323379 89.7081667361
21.382350574 144.949395959
174.532760329 72.9733139165
62.6260454314 180.432431892
91.9769905667 68.8225742243
51.5485159958 153.153144021
98.2530708219 212.114227788
61.0670726175 51.6404051177
147.730423137 160.51344312
189.373858925 168.698811114
208.654312985 114.330873023
166.467131 127.288846311
68.0082322195 136.934577788
169.465187522 38.9622745169
90.804157403 77.8937853422
151.996676311 168.366764096
69.1982358084 132.446853062
129.801132104 151.107410686
183.655660508 119.735130225
142.352273549 191.920086276
53.742095019 180.14586832
33.8126594685 121.918572666
146.311734068 180.059607018
137.805478727 121.328688782
147.883277146 19.7833737371
77.3682935752 22.7606666273
114.186968818 196.793388766
78.6176031061 134.461925904
161.049436807 163.937504107
116.743839599 108.198093837
34.2690696359 51.6032340474
186.134174417 150.700794269
151.154671507 191.431298548
122.193770774 190.914752817
50.032420943 44.0797046835
64.0424000684 61.7218099778
69.1003556341 120.467713466
198.827634107 134.602586692
76.1961806783 57.7619999809
151.523859549 59.4959851688
179.420078199 35.2857665541
121.008017971 88.8318210223
193.384475223 144.602407995
41.2769299853 140.875837619
94.7932061892 104.809946313
72.5112340487 123.248793929
118.436600262 153.454852669
59.9570888996 126.806142253
48.1355342242 38.9129911024
187.207529928 139.27006103
116.575788575 50.3686732784
133.5457561 195.365801336
126.934394714 163.031185884
46.3143669267 127.528298317
17.5427249752 142.742801794
102.599789534 154.137210862
92.6157822048 169.530901284
156.952445584 83.6191686004
171.079639621 188.645191275
148.066201684 141.832090245
171.5598586 119.732013666
143.395639323 137.002375828
90.3446769057 32.1491022416
141.631010306 89.4394376811
199.915251651 95.808621326
141.796961628 36.9218372842
166.336609811 100.120039717
42.837772043 140.381224647
162.072644957 48.3256116374
109.53808167 42.0462761124
155.126760458 111.349397159
28.5648543987 97.0401901914
182.882282184 75.7941526403
82.0822080092 129.763841023
21.1814240221 147.754447976
117.726095665 141.072961315
176.96476197 171.241465967
29.3917279999 141.752363145
174.850630599 62.445991558
78.9814346335 49.0405827505
152.352909382 111.859190439
121.578063615 190.736743789
200.315158434 81.4396732702
133.686488638 62.9152334921
125.307081396 85.2427555267
99.6305864025 206.448379977
105.050240819 98.6822440489
146.749130098 203.78637315
163.755504244 62.4443917772
62.9369176439 195.056769004
97.7868377481 99.9344715966
100.877585363 52.052532097
153.485681637 62.4916247147
158.522313435 164.297802851
108.095589981 54.73618882
106.040189874 67.2674713849
182.068720988 112.872064313
157.138804814 136.509528919
70.43282212 29.7140032662
140.580008121 122.599742411
170.16189859 81.5344912505
176.426872922 89.5814985532
115.504136231 147.342514778
192.038494402 114.941403932
34.0291660619 55.8074796067
164.060606298 72.6171335311
30.5656189522 69.6071434006
84.4558518432 114.106462407
138.515116465 211.42988415
27.6953981834 75.487577219
144.419474847 23.35999679
89.1295236474 23.1358629332
108.169803562 11.7397302499
49.2620249887 135.165437134
88.390730727 46.0541853138
20.0069328955 93.1517209688
110.24153932 111.079500905
57.4272986121 31.1168056644
109.875160662 89.9804240173
51.5093223065 51.8875595185
42.4407163619 124.542330815
105.400397378 85.4874371914
109.820062386 100.052479572
60.5289501422 144.035945017
25.0557319782 147.215540875
100.952275041 62.6346525575
101.578228628 184.825045556
75.4579992019 182.652872318
133.137612956 104.322495381
184.531063957 58.6771261742
160.989993389 171.860798966
18.5100907887 78.1308555704
143.696956082 71.9391937205
119.16628878 117.630089919
119.119525595 140.505025907
191.575331563 131.564448688
86.8194420839 167.906806151
125.590707762 149.36567953
142.234737661 22.9016323896
202.273535905 87.9747340273
109.267606928 160.935482204
95.8268128529 41.9380798433
31.8568426865 52.9624494135
175.469797047 53.1904457322
152.733684178 136.217332177
149.32352267 167.522421808
152.415339343 48.4045684804
144.912152674 100.710076368
86.8881323264 193.754946014
47.263125475 48.7604594028
102.701369474 203.795777568
18.1805742289 134.254361705
118.840041885 95.0499482958
108.59657173 103.229909094
181.559942549 146.033630385
121.560725505 131.677322464
74.1115825721 202.874311694
104.270567172 85.5489097129
57.1968002665 192.518909502
41.7086525987 144.05871717
133.890994347 138.047067256
191.276168981 97.4268311661
126.710717217 43.9934462458
55.5072151577 145.428423744
147.248936535 135.142938779
70.5725243597 159.421559413
177.485530006 123.795632226
162.553985632 73.0111842343
130.665499318 103.871504111
159.06427526 176.797069777
187.770032855 180.002498155
30.7265876107 52.2075381798
152.504927711 173.788602189
119.928198673 162.890233028
185.052723397 107.30741641
101.561910583 124.695797508
40.1319552022 135.019023535
76.7572626458 195.866976101
79.1684442952 175.952869017
44.6837801413 94.7736769516
72.5859647809 75.9348525985
185.567210347 56.0808297403
89.0756371296 56.5194173183
74.0151662187 27.8384715676
36.6267128056 101.789792211
187.996713179 164.089444377
35.3956199125 142.229223811
22.4953741293 83.2798789482
53.1012413709 52.4129337445
71.6776988621 45.5525973566
75.6984223699 195.857983036
134.003005284 50.7802013776
148.836334745 30.4202964921
114.599808191 83.9122322107
189.62072454 157.549405504
193.053047947 112.461182577
95.4853245788 31.9319536024
55.1861296007 133.15611183
148.338554593 154.16771008
183.03120796 107.032037899
26.6691971376 153.125259964
126.509369177 101.756342095
209.601868387 115.285059548
95.6879012621 121.257883708
79.0652761115 168.372973903
38.0308955011 110.976750844
141.266708953 27.666444609
29.7419391388 120.012279915
161.907245333 99.6730127885
192.26637884 175.100932396
124.696125769 174.900146907
61.7195998152 140.096088455
45.4181518425 38.274580523
50.8517033797 144.087653821
174.734340399 34.0363542868
206.996553325 108.807554462
142.815012881 120.045486677
94.632515586 125.096324789
46.666652673 96.5061408462
138.815451908 130.686805225
62.8550468535 161.678325035
69.6037063761 40.8291357374
71.9012629169 100.313191054
102.533738367 132.144048266
78.7658225313 133.421956651
73.7017293654 171.00647294
111.783622564 103.577773963
140.554361434 70.0131956322
176.446272208 131.913650277
27.7012893165 163.502242854
92.2155710476 151.065841441
49.4264273275 163.691582404
190.055789529 84.847839013
28.1790019255 106.363311048
93.9569436319 13.7029299612
149.666185974 185.991718303
75.2188260157 190.093533634
155.905459926 68.7368959949
119.043387348 184.800718396
26.5501410047 119.634358195
147.663667867 178.235293156
169.028974603 114.551269863
103.398657613 27.0394381629
15.4355488368 96.7266323927
159.082325341 109.520689155
198.053112458 57.5824427596
60.0319808961 40.8584626475
172.042765795 82.1430106047
93.3689145551 116.293511226
