52.7597064133 38.4615424331
130.058789865 141.563058455
127.60120194 106.329135683
87.0156050836 197.329523109
38.5239941306 44.8175665478
128.326450352 197.103842268
57.7775969552 37.7065430918
123.023093194 74.9310837467
120.547044587 90.4894593159
124.135406529 207.530684407
23.3781249666 83.4028669137
172.738047256 93.8642364702
203.993688443 156.006983719
44.3882697358 128.077664385
121.452057763 202.525375252
165.039165978 199.653211647
118.824500784 134.913917184
85.7413214622 170.437040281
184.871251397 159.38208279
147.753284082 188.944523629
184.494235032 124.128922556
124.819851646 176.589012441
67.8991867622 196.411020938
187.314137089 152.369912571
101.511119386 68.1066101506
19.2197647646 76.1839856046
34.0248595366 129.520622065
161.287255541 150.901936932
83.3326772505 151.089451813
66.7314873217 174.377463033
199.676305692 153.948789252
170.016622508 44.2564662325
171.604504498 165.309976787
108.779399532 159.486911789
149.829263703 32.6644015121
166.668729081 90.3927053905
69.740137017 173.288778826
140.603076713 137.275479677
64.6316176408 60.8349709858
154.585099315 44.8335715047
201.559987812 144.898018226
46.533756833 119.659064356
43.4799714964 48.707810275
135.495128841 144.027784961
206.576929751 105.358701015
119.719427845 73.4043071271
52.3141345608 149.388990158
93.4033490232 99.5720165448
84.1393238779 56.3188812436
191.282377545 159.232744766
141.387350454 59.8092973802
93.3764151619 112.177541682
80.5156496139 53.210337743
99.249080392 93.9440671877
158.155635817 76.6516616176
122.395034774 206.41933665
44.4552038809 140.544627993
51.4052665081 44.9109037226
108.530025237 54.9405241018
182.283902112 114.255927101
63.5896055004 84.4017524706
49.1957373192 151.370852947
98.18617519 187.945541864
81.4490818337 132.449168355
77.1306323904 66.5898377746
69.742888965 64.1459763586
108.401568612 119.661890692
184.22525533 173.970933076
107.460600086 30.3458941084
178.245819291 86.8928100897
175.127723607 183.29080397
143.031309958 192.423182451
179.730092154 79.9747413387
17.3840168459 102.859864602
10.9519714418 118.342008047
118.824359149 140.736284143
137.322072867 87.5478426804
156.726165577 160.030113807
155.0647425 154.579784764
205.512211796 145.864636134
127.761764835 195.609910826
122.93280483 201.807438228
155.071495463 141.739449914
153.83281087 199.815176156
193.333259326 106.952562131
192.026417529 175.323689667
200.80365939 93.5812784165
109.78539223 82.2170326169
103.491288968 141.361585391
56.6798063561 176.81221457
109.827682984 65.9234854148
64.3370059726 85.2268131961
32.2878811753 111.33106844
210.1762805 88.957051871
172.588133999 121.814710672
75.3907795837 167.027669697
139.656151769 61.093879112
31.8317719871 150.881443177
50.2869129365 189.092924896
138.477109318 81.7035368835
159.214593225 58.892416311
150.213305243 114.466246498
173.182371979 72.0169094886
198.644834613 90.4098243699
149.130371812 153.17548133
110.026713385 74.0579413406
83.1981525983 62.8829195873
188.899987878 131.241467449
118.121815379 84.8813371925
74.4972239182 113.146361523
68.8901198593 106.518469342
56.2360185854 194.74551763
89.933934847 52.2165467098
128.234424739 57.6744081208
106.473464424 27.4246311805
195.695315673 99.6660320386
95.6479150078 73.9207811428
85.2023181161 183.757590483
98.3693088354 41.3153149156
32.9081083056 158.814715487
182.799420224 160.393250186
87.0625036841 61.0127184944
105.91512377 70.7040261121
87.2845759885 18.188872601
113.14817861 168.952513252
174.83802381 102.635140582
171.323183603 52.8659308816
158.697583755 172.456218694
158.114517744 172.710653412
188.141748483 104.193538415
158.506935933 63.8393423529
87.7393044103 86.5203238363
147.04620214 206.729644714
131.103867253 92.4623513447
17.6689169518 146.823123032
85.4719775981 114.047809754
80.9690215007 160.034700743
101.660938129 112.843907311
35.8527744162 154.049967256
60.7105748579 136.776728514
122.346713577 169.50868437
203.519809874 160.009315903
200.501145978 84.7612430333
61.4882033388 200.252635402
82.07625007 67.4236411092
63.0205058055 90.9113897607
24.2402613443 140.096113286
90.5691666075 201.121722024
37.2463212094 134.531858355
123.410555799 166.465465822
72.0973849589 144.05660751
201.4339718 71.1700838709
92.5221724687 147.803799872
127.754060633 66.2169937695
50.5112114152 106.398257145
131.598606474 144.908196461
160.383077712 183.493654004
175.792821142 163.023500123
81.5312905208 121.344864332
97.0194522313 13.3047593368
178.642074963 162.542028941
169.564078587 189.708493157
97.1654976501 110.596914755
94.2114275594 73.4905041667
125.49153933 56.5870048355
82.848838758 60.5006517987
151.2694863 181.050806582
186.917712059 62.1510374515
112.256703338 57.0049164441
103.616948954 132.393427254
119.577643113 95.0025777482
73.0204259145 120.843027599
56.970884955 71.6275332833
147.990789805 104.068033785
93.4270318272 162.694570765
102.580281646 154.541139459
100.944496805 150.780322261
98.6937888881 114.306768044
109.078799085 104.81523767
89.5927963756 60.0570354899
205.44816461 118.583217156
40.0761774911 63.6200308
201.043750914 131.68407124
178.166368131 48.2096446438
117.363823247 70.7531384234
162.969635138 198.439617609
85.6601018172 41.0903142674
147.383808031 95.7750664508
66.9482173589 52.7461458051
81.0866401268 85.2715213609
212.408445083 92.4870242802
187.404246118 124.093248765
153.869114568 113.801830454
213.677508016 120.966144528
166.522187408 79.3613008204
85.8403149492 129.694327351
70.6156130493 25.7286718975
38.2964995029 111.314557992
121.790405748 42.4567959435
16.4269245298 88.7805918441
61.3796675678 151.2676934
80.4304855269 51.6365019983
116.444196972 96.8169957468
106.088379026 158.81585079
26.4075453256 84.786117644
146.742089232 189.194430782
51.469036435 147.273142208
191.00261145 73.8157927091
129.754415621 54.5484374135
93.0636748211 52.7624130518
68.2598404943 155.156515309
87.4264586501 191.920209728
111.888962487 103.633309651
133.746704297 174.540276738
141.035009618 137.602363677
21.158673252 144.633064153
190.095519358 71.4555221773
153.899233888 148.105239666
191.548627841 175.483833409
134.706280783 167.216616584
175.398502133 49.0043154168
129.13812919 84.9498361329
130.746484339 33.2896281995
67.1825239802 156.338878877
179.306505055 91.3749513375
55.9645923717 30.3604087476
105.445090417 85.7131627765
82.8647958393 18.7895851628
121.068790036 120.07329657
209.955829717 133.117233373
45.8253258775 159.111582368
83.7784852034 45.3606701683
44.5012737115 96.7852975807
70.9523969825 139.313072848
144.636463611 47.9834492113
118.129055248 55.7124632442
155.522030469 70.285249077
159.736536525 114.536438003
183.195226015 51.3842153504
79.72960777 51.7798364678
111.683115363 58.0059345197
65.938753296 86.4482696015
28.9606290012 129.962367374
35.1528197329 60.4185996397
158.30456268 202.359575641
181.712703521 87.2435303467
186.481274714 145.695576593
167.13269885 101.164996062
48.2335067808 109.185432891
58.8304977405 41.1131815505
206.383311718 138.350677305
176.069187346 70.1515287947
190.531012176 66.5291355684
18.0122775942 146.610812281
112.659310175 175.477771055
45.5692641786 37.4416591769
131.523179932 109.622581811
45.3432499515 113.441951024
152.557593398 85.0492691866
155.208799823 201.546088404
95.8846647318 12.5518557833
26.2038109212 94.2637984464
180.549729068 131.939125585
107.590550751 29.3740030391
145.544871903 206.307391367
184.91361678 161.78858991
99.9347608421 102.071629342
182.227130364 87.5648318831
61.6402265584 124.174637363
61.676128166 24.6051885247
194.670393524 81.8458857712
114.261379645 200.089439644
49.9987893851 182.232762794
192.895330069 137.075637461
158.77938455 196.76410575
109.765000645 92.2009667286
117.957383141 130.635454955
114.037791749 90.2045998772
150.145995303 31.5806019824
112.479693723 192.442173441
73.4895631252 132.642671457
97.3388701465 27.264277693
57.5937721548 185.128042823
182.098468595 125.684414886
172.096624968 84.4261714717
106.625030446 93.5186759538
71.0410494351 72.4642015872
76.3314041132 63.6632491753
135.977233075 109.861272559
105.187623455 181.833941093
61.2432416175 48.208834418
25.7955942243 139.394051971
19.2615062013 112.160896943
120.170288246 69.8392969388
166.158187489 170.266738565
70.4392688743 71.0360565232
57.9025001738 189.528479249
185.403111477 84.1919272198
161.147170413 69.2343020933
169.265357531 107.783577681
