
57.5524332689423 45.47662369608514
53.5687772783778 41.40324683739026
49.54033798452285 57.102482857204336
54.87038837638616 46.6361536341992
54.51708938395239 53.316471555582076
43.47161536365124 49.04814395806983
45.760439593070465 45.049935004406905
45.77351613361716 44.91398376945954
52.99566495211522 44.78134630849633
57.07966868063731 44.44567736973081
50.30676114996801 45.601592908348294
43.61870880767529 51.077687043468416
44.30754134626601 44.35365462190722
48.58699592875862 57.04111374772684
46.862800399336315 43.09915609874009
56.371556466386885 53.17408266474909
51.98697330707126 43.39917202703709
54.22766203757143 42.41434501572986
43.76921819323343 44.13813911130329
50.60920266162297 50.366434276846
49.58487871522443 57.07816042101922
52.63996596057554 57.56937588493855
48.25686010392155 55.1760435209686
46.10066722478927 44.859403614357184
55.668923255441655 53.77897536516588
50.794828934703226 57.07656385969728
43.15322726893771 51.83890611476357
42.4211644056293 44.16172751943559
53.95941349695425 45.86298622347256
47.16020376909024 49.39451253459475
47.55894020183603 45.75338881575816
56.89973382125616 53.84440774393851
46.62439872125148 56.48133327988607
55.66155838256277 45.63518054175029
40.69844165039128 48.622203170793775
46.025153174227356 51.969187596524435
41.085407856810974 46.37567862237594
47.09481707752789 47.632879600282465
44.14716280848701 55.42130385851872
48.94889364046127 59.60618156523072
48.03391925847548 56.543126031531536
43.623451987829895 44.12342280588185
49.418668295227654 56.00967981301522
53.787083175087204 47.30573470815223
50.718303341470914 48.593751773824565
59.512873634743265 48.608432405609655
42.368152847998495 53.420654523246
40.858374837003765 47.86529266931739
40.92471680736782 47.09396841118277
43.79781500467083 47.14999469356745
52.17178040355085 43.19799714038027
51.889251913981624 50.54446722360375
44.47205084980487 47.201559690541146
53.18179272712928 51.640775295123056
54.54708738245371 56.884421855641236
57.39549970013822 46.321138706037615
55.25606802489591 48.02264813928532
57.47889240108624 53.59095532494582
46.41683889452924 54.70738714991245
42.333081645327546 49.833982504174806
54.30186164825788 44.04476866197492
55.59352741814039 45.9566710644483
45.0475471612035 53.54736536173316
51.54208432155419 46.46117708662837
52.70200583576176 58.92397095349726
41.8891661376564 53.800841647143926
50.3959947794953 58.61558285181995
51.10000727068192 46.247102670929
46.89725129340314 49.78149876322788
51.210642855740275 41.57077580769415
46.76401584955007 52.81389788565448
44.96556828803838 48.15042504872368
46.194360552912265 58.091230572186184
43.44302809428737 55.43589026992138
40.92241918180055 46.358884229159614
49.24242630563113 51.873428496398205
45.99354580171478 49.376025618681915
46.949344245309526 58.99813131491905
45.327159855345165 55.99544219144806
52.187805800913274 49.1156644398924
47.41187134342879 52.75455857753378
41.972532289580634 54.078597370766865
52.32761637712535 52.62942166394275
50.94434962276921 52.366824406850895
49.75268892683637 52.17819992447485
43.25660883838414 48.69866470922906
47.41945931872772 56.01684955642853
55.38718263692867 48.79364906158355
50.83044322462496 40.105173902549694
47.18010617276777 51.79174688148684
42.666265474258424 53.05230133521808
57.708661269419196 47.83865439670473
57.875211694847515 45.628671809526054
51.102701770993754 42.704851966545704
50.12414299022315 57.40610073152517
44.92540076642102 44.19345668445697
58.797122355514915 45.64419679413299
43.980830255587655 57.04134149605504
54.849714896295694 44.53993471058853
57.94637614280476 46.519485589123995