20.848876729 95.1553634229
123.170006767 104.120666045
7.16129470745 99.1034457019
49.1930949288 54.0141670966
87.4967197156 84.6723915554
140.963300774 84.0691300245
66.8274025545 29.4185711883
90.1281386369 54.1067537094
30.6752177344 46.7887098228
51.0637916694 179.795372062
90.2210774622 118.801851607
135.836851402 173.754560696
109.539130555 0.711857220898
42.981105852 78.2257014091
128.236057927 78.4132175443
190.076194644 56.0685857295
147.272226456 37.2989700092
179.186385316 136.694423344
173.275111132 49.6180044696
161.800939802 34.4537630971
72.2205732158 42.1922608992
135.118249914 67.6744974038
77.287256287 15.8515404981
96.3041269472 128.825733965
116.158271344 25.0431182938
4.92934518959 111.643024965
134.488120795 105.543083118
93.5597200317 112.35815752
14.3562359268 153.942496702
155.95116068 68.4347268205
133.443992269 176.101715959
170.214733838 117.621920108
99.2673620558 57.6821923345
16.8874996924 119.359514104
114.613474887 72.2922507255
59.1972469261 89.4961793492
124.805087562 118.717674894
99.1285154113 95.2712859317
69.8097639754 19.2069305275
141.933944881 37.3697915167
140.984979868 148.804220209
53.7493800996 90.1607693057
129.126189835 174.226967266
1.78475037979 110.326345031
191.458522017 148.431604031
108.614160887 80.8957389927
116.358648317 41.1267007972
117.493183757 119.960500813
84.9967315893 82.4000108284
147.942947459 110.148944163
142.087937145 161.782251629
127.204851715 90.6633103086
102.799849128 113.373704378
126.885554618 175.216569374
201.364879077 124.769455374
167.344458351 113.487341761
1.52641311976 93.1296210517
63.3345989565 95.6450654294
10.8096409101 102.202495437
47.846246654 165.127191659
187.686480379 54.7019939888
95.1627558206 22.6894775
74.6594485946 118.044936315
109.951491869 199.714012393
134.868668643 44.0127095931
133.885753648 80.5923577064
81.3881136892 144.501787357
132.112499975 100.739153603
7.31642359404 136.462659324
72.9955002896 156.835647552
57.1111466017 186.138055291
51.9719488081 172.380255226
40.4925233795 128.294903744
58.7084373707 187.565858154
31.7383540643 39.4959753491
151.309819081 189.80229894
133.537587894 80.2405381085
98.1962067944 149.564961094
146.396448746 169.650877562
44.6305097173 105.763162937
188.096674302 95.1008092497
172.696799386 112.265908268
44.074056119 144.722870681
103.085949945 175.841223224
112.300554096 197.923963027
19.6558422128 55.3323396611
67.1855077614 93.9889388055
184.169190449 88.5090661782
37.7135669993 147.417980302
6.80515954688 109.15766999
155.413692443 156.916304897
180.347537953 143.569058573
137.224093996 24.2259585933
47.2095246757 140.971065431
36.4533876834 145.642327208
98.0483216319 44.0817964513
160.145166513 113.929239768
26.6010283518 53.1851015765
107.566940868 110.107075396
55.4067354252 135.055656637
72.1787699917 113.135786251
95.7856553104 182.725386144
45.4118428186 57.8710142748
68.0554168789 14.1455080543
90.8225702986 164.863195491
16.0790575817 88.1003894054
4.12204672545 83.5918712892
46.6902444767 133.504122135
163.672278443 24.168853375
2.57212268828 82.3079506001
123.386416048 32.8107900813
69.0080583201 186.421982454
132.963911807 136.733152989
35.6238284138 166.141964453
105.609465373 132.390260714
90.1032188881 195.915509292
77.6371589173 66.3393952438
17.7786875533 132.228077933
69.920816104 89.9359421116
156.316229813 70.2809437196
76.4189637124 108.873834841
125.873822608 22.7786567031
151.876439705 49.6486220112
136.741222582 103.470876315
189.086846717 107.037119848
66.9118483016 86.7692898115
33.7950008468 54.5781501042
82.6199858127 82.7417172448
169.148645103 109.79874358
103.428916791 151.7905536
182.720633216 91.9517407484
176.931649113 129.687255543
102.779770627 165.188081995
40.1500056619 41.9474758775
63.8672830145 111.813954475
51.6578868807 152.830381339
164.838582156 166.549796002
73.0980658417 152.676321872
72.4747601883 156.2470309
41.369379416 161.597989645
98.6450088868 16.3694598955
114.606507671 147.819511102
119.246275854 114.116056118
143.817318667 54.2017681127
108.310195418 54.4465589169
115.219405627 148.62205093
83.253816593 49.7441282006
122.786424643 44.23381807
114.708670983 138.62414264
145.186473404 81.6846895818
89.109515222 73.0406724339
40.0773465042 152.8663611
45.3599611155 144.602452377
1.24241188703 92.5212532995
73.4641888293 115.795341233
47.9693120809 95.7327400413
128.766435806 157.916830094
69.4686583866 196.433237782
150.660881646 95.2301558274
144.957873696 144.488471428
119.007102852 170.505679255
107.347975606 161.381978665
137.702808661 164.616942542
115.610386705 149.390713773
112.574306448 118.122773035
101.194325955 0.826396825039
45.2619749117 58.1972938577
83.4990279528 126.933081443
18.2092504856 124.651730402
137.412604384 43.9867337655
30.9514315143 52.2301485276
43.6074848592 30.7202041881
199.375124615 80.8808636512
120.033685413 56.7813485893
81.6751604723 142.785242066
133.922126874 21.4076107975
49.7713309582 132.355010144
129.626120934 193.28351328
187.430698941 93.7226061359
103.710812774 11.7952370478
16.4991885649 104.438458083
9.6134721408 112.217894543
51.4502867834 14.7124709641
163.422142449 154.749690295
82.4907885569 175.173542811
71.3375071539 69.2588990449
183.25829648 146.160938089
133.417190083 123.473480588
204.129458557 109.469891601
47.4086993658 169.439855596
70.6266517558 131.152424405
58.3773240618 119.231019113
108.084722521 38.6565758685
30.1988756807 45.438042427
22.2129525908 153.585540349
10.4061163104 142.840579297
12.2811206632 104.256272093
54.2710848585 184.13318763
145.106958884 89.0570041819
71.5916303751 116.314576038
137.485449276 98.0964192798
103.756069321 74.678630291
159.641483656 132.620824202
157.13456166 34.771556736
134.734686544 35.1599883463
27.9762238524 45.7483439784
117.006346958 141.116346935
104.901417601 85.0292881052
148.608928259 21.4678059767
76.7818004026 186.292925909
65.4235768809 144.459733845
174.576489329 154.445930601
8.42634107611 67.3455912458
88.1043577471 60.058409709
62.9586869336 12.1425636524
192.757491988 103.48894446
84.123278867 147.984672566
122.282949766 69.9048584159
40.0836911829 143.688159669
169.06597547 126.242362194
92.9239183868 132.41217471
76.4941286983 152.244552426
108.082454717 79.0860271057
54.4368127879 55.0781937946
60.6656279449 69.4053125583
108.697256818 32.582467274
56.7771410326 127.164263393
118.876709938 100.559310247
146.146420132 167.123913338
103.787482232 19.2289844031
128.509661951 39.4037341361
29.1127345556 44.0303325436
194.418215974 85.724404336
64.7946029312 158.882443318
104.532741633 72.3772550959
127.516697536 122.909656621
13.7659935824 82.5638294662
29.6776627547 142.367468355
121.589619565 160.168720696
74.9593717329 29.4296272339
101.639383035 12.4497830947
85.4492731626 137.164526354
76.4178701676 25.3333856596
36.1917588114 128.590960291
86.1066800942 10.0213240083
74.8318536502 44.3691023773
51.424919955 110.206643895
22.7729057233 72.1014061286
40.4059365407 26.5134068821
85.9458466481 66.6942392355
124.782715168 90.5744825315
20.8260382957 82.0541961571
166.644850573 145.329098399
68.108156542 40.9328126063
9.66101042599 92.7018135917
147.906163482 190.424829537
28.4218819282 63.8356718296
173.659945296 44.2450262605
104.853626141 80.8194003343
186.474019471 136.257829783
172.374394719 72.2504119424
54.8389637567 192.693376416
54.9224165315 187.375285992
112.890444587 179.276165587
62.3172593772 71.9426877239
24.7107291454 39.567114363
150.497581184 152.807525613
178.043018079 52.3476049833
69.6031015247 56.5202424717
67.3803813396 78.6340120009
99.230812269 72.8403157864
175.797407125 91.171853284
178.082147882 115.382224731
134.637645057 128.758659126
17.4553198116 98.0212434321
163.620369888 43.2646770589
70.2142844011 103.410109006
68.8414078058 77.6483494606
88.096914682 84.9054058101
74.1182395972 187.510004643
41.7869638316 129.726330893
183.770413114 135.681652866
163.505665272 49.1754689237
203.548489552 116.460734935
144.29860219 66.8415617968
81.4837274539 11.4518149957
170.637425902 79.2292505043
47.5258121078 176.092651696
172.39852818 35.5147051669
183.840605457 96.4370409652
159.455489293 96.6677741975
104.67293863 53.5146393627
48.3639425124 45.9052001543
28.8297347475 75.7118324024
89.9853522185 162.524169081
81.7802627892 26.625899908
112.657576815 183.974830581
134.657494983 75.0290065161
114.23760762 120.88302804
174.705334202 152.807255442
162.431527114 73.5321385994
197.748973707 108.4601022
32.8491135864 110.155733565
97.0325820555 136.596232997
37.9534420578 99.2957502264
78.1216651636 61.1211325615
109.564561816 166.025719917
73.8019919233 176.635246707
113.122641212 7.69678552094
131.066251052 105.143995011
50.6431364257 131.551416576
104.948206646 166.390017854
198.773695557 75.7367292567
193.713409298 58.7954882498
107.373488102 32.575294684
28.4770367055 38.7129711342
90.4562351614 111.825097662
162.703125618 29.7361811277
115.507110587 49.3152325472
101.827498948 137.664222212
11.058272601 121.78666513
194.18114081 101.349808238
98.9599320502 111.631522197
136.470322063 60.6346502083
27.2534843307 104.086162435
84.6143380951 26.9153518361
200.210006043 88.4787582596
112.369365963 144.795372212
127.084505064 164.656810881
131.668982723 131.566021116
181.691668796 106.546143125
101.672016943 131.520979341
81.5602903151 127.038638672
44.5233001232 117.206898728
69.1870722709 124.41624513
79.8774320469 194.119862046
116.918744607 43.9133356455
141.056853859 98.1042676818
78.3894756781 140.180342124
45.7069606157 57.712057587
179.47292184 144.385755628
16.7617772892 71.0872984361
37.9880869847 113.425617951
163.500143755 163.864949971
68.0377960794 181.321254206
49.9514944717 158.534044385
141.113411749 97.0573659489
7.77197586354 123.808543338
156.767073385 92.9144150164
95.5279388278 53.707990784
32.0759301148 155.566412325
75.7814982881 78.1449197493
87.7569905873 88.2255853968
85.1117294858 125.393175599
70.3116953413 8.63528420606
171.46631628 44.315090504
55.1740178583 108.723638028
92.1577263779 89.4652228056
156.790702587 49.6843791882
94.4922068974 123.118244714
37.7747123171 167.930139609
43.8818178494 127.105433887
20.7883754539 66.8894711345
43.9190250625 80.1798984776
49.6199196125 56.852879832
116.371035117 191.794739326
107.167892956 71.5898521187
48.3342604207 160.07345288
132.595890777 94.9883100342
105.804586702 91.18091902
127.717314695 144.126738681
61.6402873428 23.6583308781
198.712744854 101.101747961
145.684175399 170.104896161
48.6930565683 43.5191842562
65.2292962851 47.6311222645
84.2830731579 180.957188166
180.939495824 53.0109386908
101.414906011 64.6180496446
54.1991961836 185.062825251
89.8676271455 138.928613231
76.6375862251 120.19605241
77.2606993152 140.456478994
95.7704998853 62.1614255994
140.459550791 69.313834498
174.252889823 94.9350513478
141.350391828 89.6181960525
95.4190631157 118.386892362
173.889804869 128.286268849
93.9401453 141.882782299
29.6071339555 41.3603625751
72.3954638515 91.1044762849
82.5730982044 144.774291643
101.215272292 81.5302011409
151.395230627 28.1579080935
146.652540369 147.017803015
68.3615362329 118.506089953
156.898745708 53.9412012612
146.593964971 89.0792810817
61.2178632203 86.7222084308
87.2744747745 15.7901809286
114.906978662 103.111001607
160.050406188 172.113650699
58.6204181724 18.9317412856
46.5438079254 84.0914581159
76.386148766 163.989375149
34.3569472704 163.643332852
158.701368645 22.6966994605
65.8393980133 59.2044820312
37.6731240875 172.891514384
175.677696872 69.2979056543
73.3816285737 154.353650929
125.749657381 40.8910430475
23.1066043124 120.056638957
103.461386041 147.235182631
26.5974930186 127.960681499
100.642756283 99.1902325412
121.439090929 19.0810276128
127.061170529 199.405750148
175.66449759 99.7789604029
117.854763185 35.3364989617
175.926088768 83.3283815833
134.625662524 139.839455018
50.5652641585 25.2353290484
72.2139673279 154.200515192
117.791599559 85.2283814654
48.9759225974 55.7392888373
90.6612353225 105.005852966
140.429583023 160.862894953
73.3653261773 100.627686352
32.8340088033 130.369806888
83.9267453338 123.993601558
163.695876106 55.3696711666
36.4703240827 168.799621592
163.476054909 90.053624389
96.4513167846 86.5591803605
123.963600595 41.0590495901
37.0929966242 117.399007985
149.625185935 178.762321828
81.7214619476 59.0808179738
84.3243035852 148.039051156
147.598279723 39.7686058329
19.4526181878 57.8506098029
153.008793985 82.7874263057
18.8887297267 60.3499004844
81.6227533838 59.0072731926
176.552385815 164.231267062
67.2873712399 143.672059319
158.819686685 63.0172380758
179.163632088 103.751451267
164.099352293 165.701791476
109.291733682 127.617573201
94.7690896073 44.4973166396
90.0769658405 152.292491296
7.505105557 81.0772533437
50.4110788036 110.453200155
68.0137669802 190.681325288
90.5156927 168.752714612
25.5472780041 169.249183389
130.045708757 196.337370263
36.6941917571 151.323305828
51.6795670974 178.654505176
6.58732375785 111.187958337
65.6159565355 196.878521852
38.6692362398 84.8314729969
119.172046187 140.994264035
55.5986954704 130.222483533
97.2973250515 172.196128855
84.6914881332 133.200559082
27.2802067857 154.475213774
30.5830571029 61.8415740507
127.200326419 173.232530926
35.9517084465 135.919475128
152.874053628 29.8435642617
52.9345563541 85.5458857925
127.793969613 92.2409613504
162.15585468 49.3245721945
146.835635216 119.747786763
111.489107891 96.0508782119
142.556526484 31.4225847296
137.243351995 157.04011939
51.2848100617 95.605764385
172.529148434 57.4241376421
103.026031957 173.250710689
177.28839067 166.43925216
137.035741447 16.9283312891
110.938760082 64.4401786168
34.8017012367 115.498158744
195.480027334 93.7639723184
177.234148977 106.763826139
169.714719937 93.7596128306
152.230601118 25.1972937517
66.9661001759 180.962656486
160.249721684 28.3308278986
161.838398638 33.1812177227
117.432675135 43.5959932979
81.1910129452 42.8331348722
57.7582818251 36.4026165859
100.808725821 61.0084591208
98.4272539204 57.7370879838
168.26746899 79.5709719972
50.2382254153 68.8993441239
149.006876479 127.066077523
168.31238053 44.0364535738
71.0768857598 14.2655793161
98.1138025965 84.0731305713
13.477159709 98.8185680672
29.2576423384 55.6292203149
37.2104965027 120.64372866
79.6012983816 136.984265879
198.558021698 67.3177556231
146.961917948 16.8760186024
69.0365672453 72.075402605
80.4053547138 198.996215822
91.147532914 129.539268592
93.5004367831 192.68526434
181.199408685 142.602657301
97.9311509515 159.19150918
195.60164953 88.6080649857
83.3577897328 58.3081127352
150.706254424 28.3083264572
84.6964261949 155.092835385
125.890984207 73.8039236727
165.966305456 84.2346820159
100.572683694 175.928574164
46.5313019716 90.5934962155
47.1149372212 122.41206736
78.7702684893 134.060175187
119.886168107 183.118462105
166.053575184 118.499632205
39.2486903396 135.295029817
5.91047658021 134.803079282
76.8445714644 175.728794133
8.06983006583 101.581793145
171.123629163 38.5804601949
149.367901193 68.9228128073
132.773846114 157.721539388
93.5551906447 131.731744497
78.4438160968 15.8765008902
118.589273435 194.744942204
125.448290008 122.470070777
127.570911509 197.250789851
152.088033946 101.836069075
34.6262873433 141.264614147
126.762374385 36.2568856529
58.5941482703 147.158443398
65.2249516718 119.93411811
36.5439139708 84.9608098224
65.894282911 15.8171961608
97.8891920196 148.98884596
34.0071750277 69.6590100234
89.1733439833 200.432266451
174.564368419 141.135653906
45.1111426644 51.1917697737
137.22761312 147.062793609
196.616362271 66.5199298191
103.62970058 167.25487953
102.929850092 105.969809003
61.8711856252 81.4453433268
83.8895198305 88.099730477
115.292330281 181.53718824
58.8879200946 86.8191521038
172.273953583 90.043713525
171.936529628 144.280916991
176.924234719 102.094340885
70.2320697356 169.911041357
82.8841599495 12.2791198267
43.8838137049 185.666552693
54.1225083203 176.999110729
135.672330063 68.1579179152
186.02352423 144.750318571
42.6026737916 120.864050939
124.192238879 65.7801644578
125.851296733 133.725519093
157.526475838 71.694898353
70.0785698859 9.19470214074
110.188661739 185.506324366
81.5647617399 14.8351380305
180.285100286 107.842289199
169.927134386 113.36853345
81.1019253437 28.6745839929
106.907971474 65.06419639
162.748248707 54.8264380171
90.9465620933 22.2954816969
25.3131466069 98.4446869672
37.2679585951 105.437777563
40.6561254817 150.758270038
159.653642557 41.1100188171
18.384850719 68.5007408416
34.7390331448 38.8218702555
124.318807059 180.787818494
48.1039792697 153.86991837
143.833796327 91.0184175555
34.838501021 176.687309679
66.4198282359 15.6244097236
61.3457066881 32.6695706637
54.3745780423 59.6854082694
196.733717219 99.3677577675
165.063276937 30.2178565722
199.314850669 79.3572765718
16.0337828339 157.508152543
42.3784809635 175.232106117
117.71772012 137.591463319
94.7128516479 100.215530379
155.048827941 126.640011044
110.192572282 160.461944186
1.64464887547 107.63621247
160.092079134 19.9557362143
113.828268132 95.2811995785
70.6483474186 130.963815878
113.851631416 85.07838542
126.444709706 36.8705232838
81.3550869253 143.59093174
59.4207777404 55.0143632623
167.851017699 93.4894978059
75.9661105668 122.279225723
18.5248347257 79.0804740149
81.8458046327 14.1408865416
35.9681335531 116.950492548
49.5641298373 78.874167389
111.187542077 102.231820274
83.4227872725 34.6262986884
38.275473793 75.1688025203
160.840011184 155.873262735
56.6211487099 168.893046605
97.6289631218 115.606748566
80.4479918407 98.9227416547
125.262443965 24.5607992467
149.543982328 27.9425496137
122.726846242 46.5086022418
171.31779828 67.4206923135
114.301933404 126.402997578
3.81382526962 103.10635842
10.5810570109 144.64278081
132.451779137 40.5097277762
112.6727661 86.0755934626
137.197411215 35.748284867
75.2248350514 171.912341595
49.6814630658 79.8812871168
124.956380747 19.8647448425
159.417892244 144.179199496
152.863331054 164.677111301
59.7831946013 84.4195091426
82.8129052182 23.4891974052
51.2564899274 29.9862434492
160.731578921 57.1716147085
83.7895797017 192.370807212
21.3291434588 91.3110825352
183.876038091 158.991181528
52.7310329374 66.1283923171
80.1346308508 164.59771596
85.6918198369 153.316863392
32.1750382125 33.2773817173
101.519972926 50.0935580475
158.779436071 144.416005987
174.051414011 59.3441173266
115.997485927 192.9269543
34.4672306028 136.685879072
82.3944835379 129.199093724
135.826281955 62.4624702498
163.79468816 88.8161351886
113.43958099 167.787081854
141.701210543 18.3047083139
65.1087874124 182.140981394
121.836035205 161.505601706
106.709199994 34.2846610947
80.9460979371 15.4552416852
82.8321208161 63.7845695712
127.179726605 198.02152242
130.798401256 20.2015144361
112.747008901 150.074063428
198.791257933 71.4362260342
150.271777711 59.299771595
105.743928762 46.301584717
32.3973230981 61.8007680315
203.180957435 102.976820596
56.6509155204 171.615813664
29.1593667248 120.35243364
140.278189013 197.677703676
62.2890290713 14.3352834708
122.093138289 181.024596874
78.5521359863 147.263776879
99.964776014 43.7164156872
47.2565282037 93.1235705303
100.748345738 96.6601086293
107.868243713 32.7344902684
104.681659413 59.3987093358
146.092804612 117.428051485
132.698790802 157.088639075
178.008313929 118.827842229
120.048351733 53.3711568891
37.735763491 136.535512743
187.577297893 48.0172338613
158.218248887 167.372429405
137.159782546 69.5920564003
88.8199583092 21.8284030612
57.4071200174 70.1370476082
145.36011607 138.465937206
98.6751897015 142.317579572
73.5464803287 167.280031395
18.162357521 137.225016711
55.5787906557 11.8983006364
151.531211402 16.8546114869
77.6316490475 24.9333234615
36.5016684581 126.693937148
168.560784718 44.9718130425
74.7937245835 100.780404653
137.073776604 159.461548065
42.0854173585 173.890963417
127.089870439 28.9448252673
111.432467783 135.730825419
38.1331036732 174.335287306
171.118516455 93.6727732765
61.9507851307 143.803541402
60.7090079872 66.3222834175
117.161886981 173.468206337
42.390766127 107.426792184
152.248940511 77.7375730436
177.71969116 146.676951927
111.151227652 161.594981086
11.4856774449 95.5232189143
178.532103927 143.536805693
151.94439186 76.3235305121
181.687163232 64.2868158784
10.0194491807 105.951617739
61.0620663634 36.2624416528
166.959232646 158.514164988
18.6051092317 108.785665279
60.7799303036 138.797757845
47.6446018064 158.323984298
201.434911177 121.482791026
141.392931066 152.213013051
93.1945954629 84.6101750394
125.184995329 32.6026255786
43.013991187 67.6237883691
125.305276304 164.888632046
132.399804539 71.5891280739
53.136990217 48.0550367617
132.379266553 104.629175327
129.155476107 190.235861005
156.056478454 43.9041551275
102.999117386 97.0806390717
165.197003439 46.1112745181
136.578359715 153.806446107
70.3534559832 21.6246948823
110.440463889 25.9206774621
29.3084712949 141.392361968
103.925874869 147.216461565
106.751122849 20.0334128747
71.69903874 148.480342158
122.158752112 146.324981095
66.0952320518 177.935888507
80.5789232199 169.849376052
147.055021525 84.8727884631
124.793171443 93.2454577807
156.913773861 105.852020432
89.1329431692 71.2400687182
128.619028041 74.1814877787
17.705867471 92.6234864618
153.783352356 113.224093079
175.52359918 97.6403315761
119.248514248 200.109491597
99.7357044801 150.524325226
165.057060435 141.795247274
96.6849120731 103.054224142
108.573763803 81.1127459257
145.950518079 177.723303094
173.05990733 134.874151564
65.2494724614 15.3798223731
190.426152851 84.345361131
6.04511498102 82.4322042142
66.4385347072 99.9993056022
180.861780154 126.202782194
140.288058088 17.812208593
69.9538506426 20.5521900664
33.4913198227 149.492841277
46.1824807311 30.4705226447
7.71058314207 80.2555456858
137.106775082 56.7435689133
69.1592459648 187.031765915
156.49621724 37.3572029761
28.0829355905 121.682066916
190.199457139 100.252727596
182.118538087 68.5841229013
183.035864567 138.726364653
147.978025376 87.1423864441
194.066868749 62.1662356344
164.187564054 161.57631754
22.6496543946 88.2785133471
123.42805982 153.219277151
57.7067470918 26.9144475463
95.5425776145 3.00167605535
53.1973296314 110.853357332
186.228748196 158.19666567
83.5077810631 31.3739583582
62.3134274349 136.102154423
79.7575725744 106.735768623
68.6537025001 133.139347027
100.643522037 176.155033757
62.8948955608 161.119961487
69.9616946967 52.2635080393
113.581380595 81.6059629178
41.2436434846 23.9550968118
165.52288552 116.699466037
120.363032205 28.6479594836
69.8260127481 63.5493754394
69.7840324764 69.9095777413
142.408800816 8.92513924433
133.957370501 114.807494775
142.600369215 94.8913844849
112.378531316 46.6204706047
149.737331319 115.287966182
103.078475795 35.198258104
28.7154273961 170.797793023
146.03974314 175.285158072
16.2137872222 108.178154497
162.833831905 66.4048706426
56.9838293755 85.2094929112
150.080174198 78.4260687238
197.955310075 88.4866233598
90.9624938001 113.713465767
168.68552114 138.864092407
99.3385288174 150.941451472
124.818334634 18.5595051221
44.6607291828 103.36550153
56.5954323865 43.7411191586
74.621438775 117.239201015
92.3705913861 39.4765278013
80.8081226773 11.4019940068
21.4911006327 78.621729965
166.194284721 167.711080056
114.439545825 31.5246553679
80.2341092663 138.00607973
28.2505687514 51.0141855707
45.1839126643 143.314701123
140.476391037 59.3702324598
170.384519745 65.2400842727
70.3522939953 170.450520854
113.928269354 60.6063351574
30.4599729695 120.903922132
121.610235857 124.573424323
53.8757368984 167.091976199
58.063116964 45.3522539922
56.89079896 116.173138903
84.6529992484 168.711625005
107.48590318 176.7068581
177.438848462 42.3653114019
122.568279407 30.9258276228
137.663134166 22.5418365739
68.0312930938 54.6544063325
117.73527694 144.500489494
45.1967293813 37.713858326
186.717445162 76.247881108
130.486271037 131.994473907
109.935141266 78.6131732127
88.2976529971 140.970924852
108.789558905 29.8102239873
170.224493949 52.7914339716
40.354871795 100.264227901
48.5277987409 139.258488096
104.794208356 44.1743376553
131.398350316 174.020802371
147.870979057 140.821938751
21.0470928598 48.0854023998
49.7345788417 157.894732334
55.982800111 86.4511769673
82.0386053702 148.628273355
134.194088688 30.4421056548
48.0803731495 92.0663742822
79.4745931694 67.3610687648
111.543695936 95.2470390418
28.3918560426 130.067773819
108.062229094 142.249864424
49.7859010059 54.7381141799
82.8587960031 101.021906069
10.8465765154 130.480624274
170.721984392 161.417521175
24.9805216632 162.432254571
83.1308791771 14.3011563882
157.228008409 178.056275239
68.8953419077 36.2242383564
119.628795586 128.811413012
67.3879155043 36.287370062
88.6698422577 180.326708162
143.183551265 89.5416289353
60.8798395756 55.3343263617
114.481105575 191.942794666
135.408664233 183.224013027
83.7259810544 174.658186202
166.469024177 93.5954503452
87.1798696997 39.495508405
134.528578543 152.679567805
92.4594522894 50.865924597
144.654331206 193.719642746
151.911232864 126.461152892
134.620515953 66.9740935749
69.7106963499 74.240585089
108.077145442 11.4385347902
57.6975668058 70.4009686376
143.414965731 53.9588329551
162.640123058 86.2337571908
95.7050750612 186.608741307
40.9878569219 78.8992298476
94.8115671985 96.856462382
55.1303597651 81.8147312907
104.340425555 1.96748689632
83.602805161 51.6536704593
105.227004332 50.6419832541
137.428507664 63.8537853862
73.782144871 123.904478814
140.445370735 99.9288851443
49.2690014203 37.0999560307
75.6132364119 58.2415693712
43.2733018518 29.5854464829
47.1812023536 168.119792572
65.3304575075 136.40009654
172.157103113 42.4572021141
49.4886153608 44.8093342497
134.20390992 46.3933052228
70.7123240174 171.717260465
110.400197492 74.6085987264
78.710120385 162.291485792
162.537389703 151.286496038
127.432742773 128.130962477
155.018209967 113.734479583
175.881629939 63.5540077396
134.458198403 63.7167542356
21.8745529208 120.299198135
171.633886948 42.3296207737
125.646757714 61.9246694483
24.5339169174 158.642371764
65.9361552532 160.271136014
160.722768492 180.683715408
173.982033716 138.35391684
28.6490427239 96.4503319502
138.955399735 13.3757714144
82.5747795726 20.1465607754
88.599992427 83.9285901526
182.51780606 60.2352435109
114.326338186 67.2417416644
25.9075960635 73.9810084247
84.325011207 127.832111406
41.074419314 23.2847969757
168.871369142 165.418663274
63.8960807014 45.5372683176
184.127596774 128.433351524
77.6453239142 113.028696794
84.1854411759 122.967538238
189.67326985 113.852000436
139.433307886 175.701061403
19.669942036 107.224055297
62.2368900263 48.7806992519
99.2393022354 5.20001506058
72.8386182598 22.9668899525
93.2417704506 148.018174742
166.724078448 134.528382437
90.5070339276 69.3745771084
63.6464407397 32.539206675
79.4880686525 14.0381712425
125.912180013 80.2025180321
129.048838107 96.0852641221
59.3936365833 174.455615941
134.909148433 26.6793636802
52.4836918109 70.0120321577
130.917707398 66.6368783613
55.8350931489 18.5816826432
134.260414541 169.796832826
168.05444595 92.6495030868
108.305658616 19.9698948984
54.841689155 121.54826306
108.659071888 20.0335807417
73.5465903879 130.085779704
35.3312068423 40.6951071189
70.5301593268 176.360929092
18.1398622674 71.9393883111
197.356900453 94.1936695891
191.65856611 85.9260079785
42.8766045574 129.822908963
108.694100374 103.569893714
53.0498624421 137.970147851
150.252396273 71.4617434149
141.111697357 133.77156312
101.473223052 98.2137385591
148.495269906 179.227266958
143.620694059 63.318017385
189.96611079 112.198482648
83.8348631139 64.8023385427
185.211736388 71.6184679826
71.42158308 84.8060573151
111.363338759 200.028431938
81.3216418017 24.0454197161
121.510344763 14.0680459445
59.8135529481 15.9850096333
102.079269925 148.018659011
124.41486071 38.7806697592
102.291049439 44.6719094303
93.3807216977 184.350050402
99.4399484529 98.654198246
99.0116838388 166.101725443
134.894515141 121.160445631
122.528025666 24.5901172557
54.0501386728 35.7235191936
64.8383680481 153.008597687
157.246754452 172.515368461
103.021873496 94.221979042
152.026294844 168.362126774
89.4349577621 184.113982154
38.1582006593 64.2616090091
146.352743636 170.086335702
87.681760138 19.4719170594
92.6019803787 35.6680346637
88.3927431321 117.226543454
68.7282585134 33.0060446482
90.4394974177 36.627894366
74.1392086137 101.414119746
150.124037356 94.7838583795
67.2184266453 14.6268258736
122.225307095 177.567570465
53.337606156 162.400847684
34.72043722 81.4693452441
95.8173153076 171.117432287
187.866608107 72.0577447003
176.124867371 128.288190606
22.0036420433 143.626141029
132.975428953 173.51836033
61.5857947937 25.0903475449
90.6618780934 203.798430541
179.678173663 74.7383435581
33.3890535531 88.9838476349
156.066140686 175.698158266
57.4845377657 110.153303123
190.445590349 84.2169459366
20.2597962028 155.136399446
114.038776849 95.8531217453
67.1552410062 146.294983738
179.98212201 134.308188782
105.158979477 179.096107883
69.0230209251 120.316284729
107.377647687 161.191242071
49.7082004885 166.270744567
27.0802885037 103.741394547
172.67603319 158.151587537
139.968269931 45.4006114289
81.2558885862 79.1884103505
85.5687415482 68.5550472173
169.703048961 34.7610955245
9.27488351274 72.4313510075
84.0545704061 19.0076978033
155.803950995 153.00147712
147.216761907 172.594260346
93.8458986122 8.8242686952
35.8979989363 39.9157796632
9.5031802429 72.3159948333
114.07261152 7.7582390368
199.357737968 103.402180432
16.2958825701 115.826078326
71.6750106893 34.768946923
144.923285021 16.1968384023
35.9477617451 149.981583235
91.8145575321 86.9212662043
13.3343408166 138.49879343
81.4610151397 32.5412340649
164.198164147 158.433953616
149.094310406 141.388135012
166.875586197 99.0358225402
111.038879077 172.735474903
153.952912245 25.7173296826
64.2563247456 180.088523789
138.783037217 7.08146959277
126.720659559 146.523717015
118.812808196 90.1903666862
124.61604591 104.19844635
152.665114237 152.764709346
56.041592177 173.805368877
120.894205834 73.6771470362
181.179896527 112.566283727
92.1613009264 19.2580282039
155.521765867 41.4030543454
80.4814011752 165.078593875
72.7176714687 187.230673281
101.671429506 48.0170478227
196.699658254 80.1313308192
120.836606868 80.0259469206
75.109321559 11.8925465295
181.474502535 54.2454295331
91.2009115963 92.4091195494
96.7056881582 56.4467230388
49.4853785359 14.9384499734
69.660095199 23.3109587271
104.73508943 180.132986494
90.2129510034 200.093439621
104.703343352 107.887395929
98.1018512002 0.740892660356
87.3412107206 52.9702035193
62.2266177477 24.1484428636
168.071665515 171.100069606
138.077769914 93.7843368604
185.046961907 86.9809148027
121.300574679 36.979294651
77.9855553633 166.571291694
138.605607433 76.563947155
90.3666269398 67.8262756013
117.909952573 161.215389967
117.43140039 17.7151035569
32.7917802572 131.164151991
109.139493751 30.4177396783
164.381586156 63.5659391226
176.784136674 98.2481379747
70.8416153596 177.977542697
98.3940142329 29.634508617
146.322618061 137.320320355
169.194952625 131.64253769
101.532100313 100.155377579
47.0400544966 145.303604988
131.14071182 182.408415747
37.0639390274 41.3354334419
76.3928419433 83.6476285895
164.540703764 108.338108545
87.1610447931 35.1490890816
49.6819211935 111.932140125
90.3951750167 116.920723115
90.1547400847 70.3480363051
189.756414828 138.797673316
137.258435718 25.6419292043
36.1774477326 80.8289154952
112.957649315 10.9043260624
188.273363177 144.771740564
88.6416732452 150.016268857
151.877362785 115.593758006
54.4780701537 20.3191045757
2.17021119515 121.910149272
82.4115002005 132.533833104
132.915310631 154.434433584
35.0144988427 174.940855197
154.019614219 16.8050465956
32.8601753055 146.270956196
68.729009228 176.091476916
3.93993579106 94.3560775174
119.119848302 28.9075564471
58.9969066478 121.86946506
150.108306963 190.599519594
29.8218775465 156.445813331
36.504718587 70.0349357884
82.7635840171 186.447901266
87.2924276143 100.602386906
169.703255285 64.2928028164
156.722532957 82.2613322717
24.7546162973 100.337039487
123.269260609 59.5236903391
63.7165803802 143.295738942
174.11687973 152.364503521
94.5978783716 100.781714687
63.0657071064 141.233473026
176.176293911 131.99478516
60.8550527721 165.313445607
40.3398251257 168.640652723
128.347676922 118.04594215
118.929898309 34.1468627301
89.4665681496 48.3575402358
190.272070964 90.3539648769
66.3224148544 144.338693089
101.48993041 195.82790764
125.496708593 55.7919638046
142.645480296 129.281688368
167.967186707 74.0652758539
2.29866175292 104.714092198
61.6827993906 105.603001519
132.680158653 130.955741187
53.239670008 27.1198986524
16.9633007327 89.5397909997
160.943976753 96.5773804938
146.602837544 45.2835014584
97.542235826 80.2528285259
175.56258024 77.5989462414
52.7720430248 102.613463165
125.922920312 66.9522938453
20.4473283642 71.074721405
36.9367628401 174.394218443
89.0974599383 19.1516355073
138.818080704 148.278272049
144.468596972 135.524691843
89.4115719873 188.649253331
52.165054665 178.058905837
52.9336473305 170.29626216
194.224894266 142.121037906
99.6818077533 64.1063304287
35.8746860955 152.215346673
84.2987740676 47.7453176973
83.4226738701 67.7724704321
127.911784433 150.815252815
59.9267960998 18.8273521871
190.097642455 104.142183398
59.6096771218 53.7524812348
75.5745686387 32.7396668036
107.879218622 144.643781022
37.293046277 143.957460928
183.663846075 53.8448509394
60.0396938503 79.350901903
152.358107231 60.3003615857
92.1547027546 110.962782795
64.2953317638 8.66718872793
42.9517618018 37.9297628446
143.339081928 98.0574542318
119.724848482 203.044034904
168.823172967 130.308658785
154.951017839 30.2959109781
37.8342079877 23.3835382996
19.759422879 99.7435866265
56.5998405716 57.1671465711
124.348131435 196.532201669
196.911614484 99.6075561412
37.4152904236 54.0301706254
84.9122420622 116.111283636
80.7360151346 110.984205405
123.33769781 146.275889105
122.18735532 18.4708497797
168.187492693 31.5769287354
123.418283204 56.8483857976
91.2971329432 7.38698133664
62.1751593902 151.069059331
46.9756565108 20.6254893558
144.346109658 125.481668251
27.4059802821 73.5066273531
158.356554679 88.7692957031
86.4636536611 20.5779229843
45.8586475443 17.4293218464
184.820798268 82.0868180508
137.72053592 86.4783084954
169.338650495 138.492601471
117.129184309 29.5913080764
189.174561116 61.8292319693
65.6093973976 39.2153812942
52.2930722258 157.845423302
183.645491684 89.6028504496
162.124380933 39.6722829843
106.647409597 103.894657712
116.81615373 135.106690479
110.091045547 79.1558808328
70.5724845413 153.473079115
50.3396740071 38.4106029724
60.6949367527 40.0563794657
55.9353798902 122.836499977
107.664607285 92.3462716686
138.915114848 8.22182720624
118.196931149 180.038695359
79.7041157045 108.261463053
67.4609880673 170.049325838
65.1065612894 123.80489621
152.992346352 139.27641153
121.904412263 151.049049046
120.691644761 23.3791595349
118.303069336 127.349618318
61.0759231151 71.1480193234
131.204194739 44.2854088402
104.133281113 152.124496384
97.0879462824 34.6987941233
151.381613986 58.9073941945
33.6786132193 104.711798474
104.378367448 21.3779799473
179.845310549 125.684827798
96.7829518311 194.89803959
44.1608367362 126.452286162
105.232337647 46.5613449055
145.908509612 130.959444405
165.683835135 65.8286804387
91.8926354118 87.1945966637
172.579073487 113.52663478
155.313133748 52.8759546788
57.4670313044 169.483994075
63.4759976108 178.278629742
21.5223809569 58.3604546168
139.498140423 43.2823125825
109.847960642 32.5410343363
33.1372312344 59.0520084882
194.083763345 71.0529113037
137.647724063 134.711005679
59.3475150932 173.010184331
33.455044062 76.6295602374
75.6733968872 112.559135261
86.5698003558 23.8991593398
61.5127961165 135.434487196
139.508433715 80.428137089
81.1506613622 163.991274117
14.332191539 95.1071827419
66.3599868538 96.1011005738
72.8382478263 132.510109216
110.755136328 19.0543885113
27.1642369749 126.814059078
102.204567384 17.5356416807
68.9889953254 177.613841708
68.1935403381 185.748827413
146.367213246 21.7247056948
150.628497482 80.6319394511
48.8362610304 161.575240977
143.50483265 160.196004924
89.4643618852 90.8024814148
57.9412463623 108.85734076
149.213577161 185.479873122
163.545463328 46.8330767723
49.3836780132 61.6304788337
164.753494971 107.727277606
112.087874143 23.4896190119
63.7951190181 70.2685574251
86.4036557694 162.400851215
45.906035799 187.755314608
140.026032655 114.405274738
132.922797277 186.174806586
117.415628016 71.1624574356
188.783348838 114.73156641
76.0708119621 183.556666631
26.7883658243 57.4339057693
170.823134671 86.3522711754
52.9366278135 101.211141948
172.819091136 52.1571724647
84.1281253636 166.610080057
104.627284877 204.578704022
62.0869868402 172.930847027
144.43168686 55.5002349283
101.252153167 192.074917072
95.715443836 121.362701651
114.664679436 86.7926728957
179.241274459 131.595147633
75.1279504691 69.4295991486
183.154503235 62.1308793714
51.5728024767 82.7161964907
94.2047685106 26.826522279
124.518932704 159.157247691
164.391623532 98.4501914178
115.684165048 15.3515764023
172.889483086 46.3955321452
57.0776100646 159.712310776
193.753919823 80.1314980369
61.0163575389 51.2802490248
111.021580462 44.8275422519
62.0388777119 44.1205698638
87.0932621317 54.6937885326
81.5833751826 70.9891549435
93.4958549917 63.3423075398
113.748331311 61.8061511489
84.4017934122 91.1243320765
6.66416808119 80.179170268
132.501559462 28.1584514272
190.938020917 94.3875293682
97.2000336056 39.6786862469
104.281824543 52.1159368189
50.7109008156 99.6745887708
88.7122054403 160.098543499
133.942187775 15.7777681889
45.2232866541 145.527552486
23.2197805693 145.441228666
167.302037149 136.520500854
157.542979707 65.1755297178
185.148791224 132.540450266
136.796748443 88.7940305022
57.4830557058 92.6412089024
172.043522148 46.376723494
18.7874921656 83.0472759324
123.853632886 194.034413579
50.2538818574 133.560382804
10.2384899123 144.07149919
134.601870462 158.389116814
57.9322642444 15.532175278
49.5858916312 133.39731475
39.7537074054 120.439591171
90.0871744401 147.559928003
23.7336240483 45.9146365711
11.4516902139 134.099411961
134.664360392 48.0846203868
71.5004269354 131.526808213
123.955494205 173.573318579
54.1699919249 25.0820990637
145.083964793 32.5774436047
111.329655994 161.64155503
130.12675796 128.958007026
174.857592775 109.418919831
181.417494837 113.59166103
119.230609754 12.2768673384
112.546718228 96.0731342836
160.15009556 82.4628945458
62.0688240801 33.7982500964
68.0229199827 78.0185525838
166.527252472 115.815688525
134.969941596 199.698518721
60.7124989366 173.650328895
111.192328459 52.7941706884
174.275707283 58.5110153124
129.127049469 54.4542132935
73.5105587752 169.314651584
41.4645233341 184.889753134
20.6953012003 131.841427186
130.260229233 117.014853978
162.417823242 40.9333869799
106.460674188 170.572541722
55.3043508539 170.328374044
54.4813840952 184.138669946
194.895382253 99.882817094
115.58385788 96.2443620215
29.6002989341 98.966722616
104.537201121 120.700509839
60.4707999386 143.388260568
162.111962432 109.606412882
92.2762790807 133.739529466
78.1708123957 166.323030005
35.4331080871 90.1899393445
133.327682834 95.9928281903
23.1520178625 44.2673122451
48.2044117729 131.620899112
18.7445243481 46.2907147373
169.233998315 114.148033345
125.636831173 76.8536503339
16.0962214223 59.3353561162
156.593856998 142.558711689
101.77727548 185.226907884
74.6583157806 60.9103712712
125.073373393 176.138405715
182.319787629 96.5086996298
150.155910218 77.1396935161
169.341640512 42.2419462205
88.2110263956 47.2088910557
166.274293044 172.10945463
67.455647471 173.348611004
89.3642685015 78.3662806081
175.346093435 133.62254686
70.4119524362 49.5055871859
123.957343936 182.87404433
20.4707488824 126.225780577
23.9109167157 159.012616587
25.0204453012 78.6452273899
129.007230257 92.6726967082
87.7135879594 132.2504641
190.744506481 107.691713296
33.1895184233 111.652166277
126.168668822 171.500807839
140.88678086 49.8690737838
121.36213855 115.431500199
176.976354678 68.4285729994
82.8312346813 67.6446097338
154.747436316 188.583854684
100.249070094 118.638761734
118.459711089 203.52486437
65.2160892802 57.6655451993
111.096374458 163.708802874
99.1790363289 66.4962717795
154.913176769 177.156361903
88.1761545123 29.1574277071
28.1978287966 34.6099609
103.450575714 23.860577162
115.981320608 182.149232366
67.6542659724 194.527089354
140.486370489 26.769031005
133.191909675 169.218840948
105.644112877 1.60160989027
81.101610881 22.9207767676
61.3946116824 158.273914852
188.696211343 133.239541736
152.972330666 110.619370272
75.7513593747 85.6912805484
115.533112909 35.3351869399
125.670246652 79.6409779255
143.225020955 106.870169757
105.703640649 55.9203925962
62.9307766626 153.519952443
153.192833097 182.085631956
166.091708979 71.9801652025
105.36123875 50.4679731726
128.202968769 181.21449367
69.3761614845 27.2134812372
73.5463427655 68.6400315181
203.099849059 94.7459608106
11.1217998016 144.170404897
22.8451563089 126.191702498
58.2140109075 10.7622453607
79.2039301247 149.49899411
95.8174772323 199.162327815
38.9213649403 104.261907253
127.921486599 96.60432916
138.310827107 43.6389486625
71.745070863 87.7032988193
181.353986142 80.3736207648
66.6282188036 191.628641907
117.371336719 140.721047674
97.0492910331 139.45724798
85.2167541963 103.127688217
117.406675653 22.8749059391
109.626639681 26.0109258146
180.20117747 61.2106775014
137.374585935 36.8836943861
62.5422412063 155.627945973
144.41823694 47.3032827403
87.2934895994 96.6463832495
78.09235713 123.03014897
71.3943321556 134.858264713
45.7550955296 52.4121596681
139.14360133 178.761995694
116.545370341 177.516662272
52.0048271924 161.277364262
65.0194862994 75.5221728647
44.3375874716 148.088538958
74.7274049065 192.889145444
117.649598793 65.9440041938
162.724646431 74.7432589498
73.1179669292 130.888342942
170.896770144 60.936264513
98.3850782489 45.7903873181
62.2164401908 22.3328643771
154.903308471 117.646344274
146.795435338 85.2104846837
70.3094641093 61.3540286661
180.38187428 80.6263816343
105.686292979 149.100262082
37.6336158284 126.077332469
51.8540425213 106.156119117
156.510773643 105.996546683
114.808227871 194.839597904
117.735583756 201.620464218
75.4695845626 135.425458605
64.8182108923 124.06496271
203.271079267 116.131353245
170.08288782 115.010519499
141.588354064 179.051748594
98.0010611617 52.9232622054
92.9364428245 176.629492422
126.144609592 6.7512138995
86.4509114698 12.7844446184
66.265931147 100.131634737
134.478506972 82.3907621246
115.572370126 172.083258131
179.087144782 42.9887603829
104.041683022 128.378895515
38.5712471695 109.603889346
113.374233439 7.06612581749
44.8531818794 43.1927648653
192.801702188 62.8748871131
25.4938559037 48.8263766437
23.9994461092 79.5036478369
14.4329898324 78.5599893427
64.2864120688 134.349934788
138.658949514 167.238336903
85.3882293139 94.8024165397
50.0765398672 138.770215325
15.2737736326 127.243630014
87.1252925737 14.4101280006
133.323658834 187.93027146
28.8239584896 68.0033113418
85.6205414677 18.1680428566
164.289236722 25.7159558985
21.2139532223 155.469807895
22.7752657925 101.266740673
31.3304138825 85.8657277239
49.3577403253 45.9357968088
35.1607955732 90.4484088083
50.3349446424 64.7507191546
158.138983907 50.9056676775
132.39041437 177.745628731
82.115667175 96.5692381128
54.4611238788 40.4567990673
58.8725233004 87.525130283
189.305834809 114.119068209
168.401617077 113.710823144
125.185322655 69.8018399968
121.209254408 201.551583232
155.911820001 34.2305642306
77.2985389825 18.5554794388
155.2706186 175.455022996
174.658584004 125.042119017
115.950765304 132.201344779
97.2047700756 24.2489963721
38.3397634246 132.025374853
139.624346701 144.996393318
153.956971051 148.047913489
114.173219247 5.86407976939
134.192115001 37.2164982817
203.429588843 99.369845457
101.360812761 166.786207287
95.3099334678 67.0391194435
147.284273613 72.5367919141
74.2145033338 198.72121368
165.677321109 99.3326457481
168.120213126 141.514535762
150.068511508 130.565322327
116.809554657 102.910862895
78.760628119 94.6551287864
84.0065954973 11.5028428563
55.7952287728 149.886633616
129.112583075 181.07610256
101.728069326 41.6394370265
63.9950876698 58.2204755772
57.7187680199 42.9060165363
98.5310164061 115.061700783
159.986993096 89.8072152053
60.6234219593 127.80581514
23.047138105 94.9637715682
123.325401043 160.720716139
119.282966111 73.4380611527
108.388132983 158.33408534
185.99599063 89.6896257548
133.047201854 137.697363319
88.0733738855 15.4211742025
130.656624063 175.008851085
73.3521058791 153.257265747
53.0234669828 65.7276068226
27.1454798472 93.4803988616
154.660335181 46.5476370862
39.3725877119 145.127281902
83.3095453138 56.8544679843
174.260736181 114.934600011
38.4482795982 166.116345172
74.8768486241 59.1265145744
163.512494245 29.0685403469
155.850917887 72.7380614865
21.3951030598 91.51520659
48.502308685 22.1262422889
143.613072999 149.53583564
153.159939047 26.8033973858
84.0830499987 18.1666252824
39.9226267521 41.5658891725
101.334062405 204.995064317
93.6032066979 171.971865988
75.3665462042 17.9365719924
90.2705164578 110.587120379
180.540546438 81.0436207252
158.537234729 17.0831872976
127.492025499 156.196471485
126.129063747 192.978345514
63.9717077442 15.6917963801
108.339323958 42.5609497915
28.5504044245 166.479470404
151.705613178 137.712431522
87.2487288738 38.1787218352
178.818404337 122.390750299
73.5482307227 138.990150278
187.318744065 76.8486770241
6.40093390038 104.898557895
107.835909093 204.640439771
34.0223753118 55.8303810183
79.348998954 114.252933095
61.8945024708 79.4433669354
72.6569195641 112.38328102
89.6504018937 119.682792781
147.865823132 118.209559309
192.56463325 132.675188669
138.343806439 178.683110179
177.085959193 66.3649456446
140.342112257 64.5394901196
165.844661169 84.7818200291
73.9957826261 84.6289372895
93.091201489 138.608321619
45.9422940729 47.4166725341
24.099513837 68.7157845652
149.404572613 146.156028124
61.0689826268 116.872686386
33.7487310721 97.2357343594
8.29719276991 121.905760177
79.8846428871 65.0437068318
91.0487834856 138.742162608
94.3267291063 86.8600590909
121.235785027 191.310870616
53.2459727404 189.320686838
183.466026686 60.4836365663
60.0333948736 121.547630198
185.102221717 133.954820051
131.349972918 199.588443718
195.282601612 94.2282521398
135.92109739 31.1668615644
100.561200831 129.365622086
120.127819991 73.5291976966
158.2823365 62.7306658448
147.339143484 83.7637342884
28.7108574188 150.375380875
182.650962634 128.144694528
52.6797065942 130.257691352
64.12621162 155.900514764
18.1358602398 126.095594057
106.686786934 107.108397463
130.298323143 131.766630917
26.0524295221 106.204934878
153.750650222 183.568176361
21.4473607567 49.2165830276
78.9722234685 51.0739376907
194.456055459 121.163501952
32.3649176622 71.3084494388
56.6012651931 101.102505621
190.632777801 149.37143357
94.3382442508 71.9933265886
199.159113573 97.2633846572
183.036430784 142.99211375
118.923051031 22.2855487063
82.7745224755 132.843022703
169.716077871 61.8852432499
166.08522204 33.2017009832
71.0792231896 37.9210639276
40.8441746368 146.194873359
143.190563623 181.936302048
198.221634291 69.0991389664
18.8016513807 132.043245058
148.939987108 73.050756135
86.4257308062 57.3875708588
145.375894004 136.742006489
39.7223522058 139.934442873
112.312190539 152.885056117
139.5451802 173.603204873
118.847939534 114.535007113
156.175128975 76.3442107209
116.453783077 12.6748056171
174.338591818 155.979244617
38.0174070007 157.031249432
104.48840675 59.5017175806
82.3388416928 52.4359297881
171.726153358 131.67379628
191.867338602 132.181758629
112.132700578 57.1697065174
54.9854290141 103.388759521
119.257313819 197.876512101
91.0795306615 185.701381891
51.9634766711 150.989605789
97.975074757 113.444829732
159.635550114 55.6868550153
161.33668871 113.007786721
54.0332096338 118.600280967
45.300543775 174.487198843
80.2922658862 101.493325188
176.211603137 156.940365177
189.195483533 99.3692632458
24.8205765869 104.265741894
3.41524817096 125.139325806
33.0303369017 150.626982562
66.2768593839 27.2297227139
36.090969245 42.4372780824
122.958474931 177.231843619
9.77612572873 73.0657219667
196.089565945 133.235862358
179.787409709 46.190865857
39.8247319446 62.680434415
39.1257794238 143.766294247
98.9454568297 98.0870307654
18.6705854529 139.612948417
27.2782169342 143.934596065
186.569236579 132.924567403
113.405426809 87.8158361624
72.3685753251 192.746407311
100.723641929 14.0266103497
44.4588143447 70.3881804915
125.310933617 101.688184891
135.968715641 8.74781355476
39.3346644479 101.368936356
140.973741405 16.9758050491
78.5875887367 76.604313469
121.063685045 154.813495394
90.134934218 32.5544187545
93.4571240222 34.0441534878
195.563754065 128.410633215
104.794994567 187.842443217
91.9919291624 1.66824144393
171.196102969 104.962496218
141.786508629 34.595806084
107.841839759 161.056973225
151.25192847 84.1101681704
73.0002158457 186.247917999
190.641694709 144.528896695
29.6173121878 64.7174380944
97.8112536479 186.632070761
146.744806721 56.262717878
92.7490967156 162.44007821
53.1036953759 24.3672214379
124.15844523 21.8574391441
157.9320496 57.3334463635
148.879742591 29.6902350373
130.031506303 8.91097941247
135.188749196 18.5089130085
59.61062569 97.021204149
180.798514022 42.5119073056
74.0357315274 157.241941747
148.618046869 140.111554978
147.914340935 12.0643640471
165.676369296 68.3857048548
61.068258178 118.416825791
122.82581934 119.481743096
129.296822955 41.5182347693
136.279298903 75.9057305818
88.631338548 65.8251349449
142.876308017 100.772178352
100.947319228 165.977632832
26.3538307221 133.7506592
104.463662401 21.9641610822
40.2425319336 43.05547617
156.676549379 121.380216009
126.438781339 165.492493507
107.006024501 99.6162854912
198.92045389 75.3428940173
43.7414214926 68.5257148864
150.25154542 153.383091966
64.9923238189 41.7269728084
161.828572239 122.90620931
174.647427198 56.5961814527
85.503203681 170.172481461
80.8416838644 39.1127039642
70.4157764465 143.837607376
21.0837248795 61.9544550231
139.774680893 78.5357679415
16.1945320439 111.120346357
97.3259453198 69.3885320528
92.098731333 65.2292318941
78.7569993897 127.956013716
89.085341446 61.2623252694
150.665260785 155.200327938
58.74813411 160.206961642
170.503019478 124.239573462
122.496087064 194.22734256
70.0851132052 181.899297433
183.579276812 80.7189851314
139.80010811 138.838214275
48.9230879559 164.751079066
5.06334822893 104.308721772
56.2741799746 118.871043288
53.7916828507 167.401046902
34.6579199963 154.840791045
71.6599490891 135.138980663
111.498328297 140.605657573
75.2069544732 87.4157335726
85.3635018824 161.321533502
147.101214514 37.1240676857
149.236456488 60.612834777
146.150027372 41.032014895
99.070051352 168.051983468
101.038094586 194.054877779
25.7237024258 82.1244726508
113.324574858 159.730864525
64.5227742043 130.881917232
107.323249689 155.23939973
85.3858553782 160.753133654
125.937899948 2.90128660337
179.336018241 92.2006512962
45.303070882 137.260086381
87.7067159397 55.1759377706
100.870490177 98.3782704748
170.288906464 155.539522099
99.2671664679 150.359761854
91.2399191382 48.7899009522
154.590702726 143.041157028
25.8610569622 49.2010169081
187.3772139 83.9213179211
132.67381901 28.1726409675
65.0623004279 76.9621144152
156.699217206 85.3680355113
189.033962762 74.1234207077
145.042202809 158.609054952
54.2445119554 146.472874445
200.183819173 95.8933318877
50.3599873229 101.387805459
56.3037036985 101.379229668
117.379553586 116.997626129
59.1011370353 153.38330324
76.9861112409 90.3515704751
42.8981519889 52.1825492249
23.3457677059 81.5776234013
157.886513319 183.352917694
77.9125306264 18.4531222591
177.107430157 144.600057685
38.1584632212 127.669951475
154.675123894 150.730711795
59.7379552941 63.8219662609
176.882282094 127.226108417
101.808654274 32.0053854104
151.265359923 103.326756435
84.9855269807 6.92129008072
92.8362330111 64.5862083456
91.0365466113 118.340577166
167.525976222 69.1867485687
107.565095309 60.3192329879
16.5106257934 128.374062801
187.288315914 154.777701476
136.434072431 164.852249496
76.783754348 128.499862418
24.9017932553 123.907226692
136.608120656 82.0693755757
57.4941614125 167.493461245
69.8648148077 84.2305026361
45.4943676433 97.9044757471
125.4973225 124.002116011
65.4064391985 85.4480272372
40.5847238835 105.176714427
54.7457235448 53.5737546808
40.8160936812 116.274293508
133.451178543 92.5467986045
139.037242023 40.4713935257
103.009452611 23.9197115999
147.194943442 75.614962869
162.832170296 156.872430375
100.701948074 96.6339459368
184.112898134 124.525963188
162.073003491 119.590717563
181.000722611 54.6991125268
34.3164583123 55.1148607556
26.5719645343 40.2450844424
158.609995728 183.73541972
71.6235024199 98.2722981623
74.37507952 149.064537819
136.241542893 59.2723331399
150.073225598 160.674668701
93.9380504801 47.1224939301
95.8124965247 150.133449476
11.9409826416 99.5422714744
151.058549205 149.271158376
122.584883467 146.199893059
165.114082397 111.390594578
117.818684183 27.624179768
151.920633788 15.5298571155
93.8473065561 162.150781651
204.466044555 95.2827658641
110.870088418 88.9063194172
28.0943083621 73.6372924428
41.9110324294 93.8108185947
54.2525800321 20.9554040738
12.7213093491 128.974364158
76.0147629811 22.5532193742
161.668376175 169.501955689
145.133008541 174.822465626
112.394857884 125.025679683
129.942233285 192.042576616
104.722322919 197.178223336
118.930161019 76.7634908576
152.078076546 175.801773405
202.66784375 106.925843754
7.77062135803 84.2116709345
141.506729762 46.3432222837
46.1412208287 172.791419962
134.666397085 99.2969605906
59.7353611315 158.150756581
177.125811992 130.777483018
159.990213482 184.856984519
181.499880063 153.776495091
53.7083526263 24.9056951309
142.544353959 86.3725944813
8.6280490196 77.6241835225
84.0136411025 126.034417282
41.1445758262 154.032573929
83.6925374875 167.096560378
119.551204204 8.02339203152
10.1343782699 109.57013682
116.071534323 1.96615153338
85.2511418883 74.6991738302
92.8082988361 202.449662295
155.903116558 30.4718201431
163.405947397 145.083440412
130.167629594 149.823284769
156.020202776 128.663293083
86.6090320441 191.207003101
57.5021237512 84.9969537006
75.3714907974 73.0604289603
147.064109577 72.7905363507
132.906618557 168.62805824
82.8234209244 135.37473712
74.5397137866 167.93603833
187.787712306 125.291345699
166.324214086 88.2853525168
139.147380926 104.520547705
163.567640841 109.061057052
78.4660002679 149.697380648
150.873922508 94.3073875773
71.5252902479 141.020267154
121.613765409 156.23191932
20.9691624885 60.2168892404
23.8471339431 67.0097594783
80.6447531983 113.422488775
49.0943284919 113.298330422
55.6932455932 102.389131667
165.550596661 58.2105607912
94.0593150433 6.9371233103
31.4716258046 175.507739363
101.184366397 191.609945807
146.91780699 117.202292186
70.0687366241 104.450585662
178.715723699 100.343191
78.1144724923 112.740327865
30.4808463398 134.854577337
108.864350689 11.0596109111
127.756160921 24.8729473347
16.0942927652 99.4517489486
45.6446872986 76.6759966725
98.1984013895 135.085746962
7.00943483133 102.673328509
144.393937469 69.8426282589
170.566760169 92.6001062209
182.324835198 94.1963389292
107.155852492 33.6899041504
134.983205517 24.0365078133
40.7864801006 76.0563342213
165.177017984 31.7450024791
122.38214259 74.1087591103
35.8489299174 97.9222589818
69.3190911948 148.401915351
173.734773301 35.8494830632
50.1182369033 21.957759238
94.8480667871 36.0624123007
130.398878738 35.1617436347
142.262191823 106.078769862
135.367721601 124.624233737
133.90484038 56.0129913208
174.244066975 169.743406703
121.236371674 147.93221947
194.509749454 79.0098306175
29.196061138 165.03430226
62.4127709961 21.6532387939
100.265955533 43.8344494611
164.066414233 69.212984237
97.9029713576 89.9549025296
195.857567731 62.5851438981
158.251580496 85.1700928876
63.0379137648 72.7637183925
18.5962705542 73.4211670423
58.2549249565 109.027291124
134.073657037 175.558673952
135.700225757 43.5562984575
190.042126567 98.9928608287
73.2712106651 149.934209046
108.091198985 27.5792591372
83.7507735563 37.5828647998
39.5921236384 30.7058635389
179.185107009 154.215429723
131.908056527 196.566310137
159.466109101 78.540845302
89.0278224575 125.698747473
72.0906204482 128.409510019
110.754841912 21.0252887267
46.1249443109 140.734378608
68.0622521782 33.9120637191
27.3955823276 70.7820156539
87.0906830976 176.666842185
123.86588967 87.0778351411
77.4935671058 43.1399517088
38.0124416717 153.443115616
144.174144706 142.590422978
95.9828641633 195.731781684
127.629320293 56.698541354
37.2948411715 85.9265566461
11.5998896803 57.4366306399
82.3898930292 131.730118058
189.296972577 59.0500713803
187.867324913 133.916869565
102.34171373 39.1293914073
188.506157511 143.460253715
138.698194669 145.152960033
105.033334206 132.997453977
62.8390821145 150.32896817
132.422701375 90.7550842327
146.852242259 127.752684069
112.723159052 99.1569422013
54.513308021 123.345279523
31.0100645278 44.0460894017
172.101887701 35.330025442
117.504170998 72.7387722034
166.61797176 180.667154673
145.457368704 84.3623140252
202.74101993 89.7527762431
155.645424537 98.4377676424
10.9949644617 117.811630906
126.258283086 154.105708853
18.8186967527 155.941139405
186.40472128 119.438419986
135.867698342 92.3316350853
191.497857568 87.5929387895
88.3674467389 35.3795958715
105.026831234 7.26336087386
175.622002542 76.1450976937
63.8325593871 15.3517063092
63.1544312006 70.1000069817
88.3143868785 117.025209902
119.486864972 108.569737443
90.8864365604 154.746707493
6.44416474116 111.863730891
182.815008062 56.6098063816
165.668941244 147.364296558
103.153481699 35.005879138
79.6352393781 197.182932363
52.0698711101 48.1942865201
48.7389187223 119.610633067
84.3435205591 127.028018804
84.3794567708 189.745773837
68.5802586373 8.94183673876
138.865630232 61.132882258
95.3232035758 11.5283404143
34.8078914435 84.6389397895
90.6055238011 42.0700906765
45.7620915203 168.796214854
11.1177326158 67.6846737968
192.165131836 117.686754132
191.062794897 89.7083803987
69.5708717792 189.297233956
115.971932691 43.25126698
32.389659379 81.0430783561
196.710452522 123.682715901
134.137676118 146.033267342
132.929655127 99.0736318496
139.829709248 65.4722988052
155.907661597 168.625974357
77.4426601487 46.6405038954
68.1030756442 103.113886626
33.9200757047 178.002241338
120.542240519 65.631183606
43.6618167574 124.313185538
178.793711703 164.855264454
35.8734042321 145.64936131
29.9275535547 167.266335326
97.0684655957 179.347086281
166.103657422 107.291180941
25.296924662 68.6083597349
61.6369167511 174.544422884
172.87215212 97.1850011274
171.305378385 98.8486996819
133.487805376 121.74516032
57.7326948717 100.255893633
125.82630081 170.095233893
91.0536826437 114.562363278
119.949555073 126.00708563
37.6778651346 95.8174870914
53.1868438238 78.3576764062
134.703659054 90.2532015464
171.829135333 135.114289439
143.825728571 77.8110158321
182.14791608 105.631332067
89.2892152318 115.132049076
42.9858480436 163.675875367
147.065421474 69.8778597798
122.81118635 20.0612409257
150.614030851 174.877640331
116.406307882 137.702976213
74.1278007592 97.5384651331
48.8661643786 111.263750995
83.289539478 57.05123226
112.846394604 65.0370973655
153.38345708 102.303104286
186.758095485 126.850494556
60.9744830361 99.1083852906
131.184210168 8.87104684424
70.3460651136 30.0814053714
90.1644832045 152.481563048
49.8621765083 125.663485978
58.5091999095 151.648157407
85.9088950351 127.106299138
8.09850649886 135.057916204
49.0729643311 64.7765823064
137.544835143 129.532204505
34.4406830055 132.575072375
130.437617469 173.830102479
91.8546800772 128.789893895
58.2283682898 89.416810278
92.2563808057 9.52484680773
140.251906863 182.22104355
102.141262443 92.4684094309
65.8175922328 192.576063948
170.752303846 89.7562627743
24.2220824569 130.865511401
8.33929996696 97.8739987461
62.2220353222 108.768340091
147.129674123 59.7910160984
88.1440168123 142.914202561
154.221801783 16.2070495292
117.144979283 78.8234683129
108.939015768 56.071601249
31.8795565082 133.069989807
161.498560565 185.299637291
78.1006076623 20.9961669707
94.3656560983 70.8191920657
35.0822256598 146.959769384
139.702450984 181.707602444
21.6716697762 92.9705206695
75.2612571748 152.436812776
110.911374167 163.209233682
24.0370744624 142.398372823
123.621544681 159.259269916
101.627860474 117.623102928
70.3177874409 140.272620066
16.7509790489 122.250113493
93.9763662635 126.808887246
36.2885008577 24.3072989661
57.0247743883 137.843560371
95.7128624181 17.4224988755
171.115778793 132.428822115
65.9756865273 78.2323455489
39.9863394697 69.5831023492
153.327343711 73.8400852723
78.9722585385 24.8675987353
86.1666069645 153.435578244
113.806025213 159.532604517
32.2858241269 61.753391418
117.046660586 4.5913290724
77.3761998315 136.92147974
117.411312352 10.9547938261
129.982722637 198.245456523
63.2930327731 112.518048246
73.2979382283 192.301948762
157.104829748 35.3731921573
76.9810415011 148.598657947
33.8976322212 109.62509165
76.4209930939 88.6633853255
161.719073243 30.6640692648
186.151885062 102.083578153
59.3164866108 165.194240651
157.303245393 118.602053764
58.112212899 89.0117009295
62.3659083034 64.4228675574
37.791175009 43.5850885555
98.1500893331 78.3029395935
85.8504524325 58.5625380003
173.201224755 86.1809846003
56.0726066791 64.3143985742
60.9276758198 98.8070994225
162.280731686 100.241779292
63.2722207874 77.5312158468
62.8016863834 101.604852568
21.5463981519 100.879616906
90.0188290514 149.511712656
90.9868866424 108.241138273
68.7571943325 89.1816342092
130.284767209 118.583677875
143.991195799 96.5744914331
182.613031547 60.2760218583
62.3582589236 90.5560363889
99.9350624194 91.9543941954
62.3820091676 145.611800884
141.694222436 43.5710784942
162.337988622 129.384332798
17.8672434458 76.2374063381
94.0376779539 134.783386926
60.0938004207 107.393777996
147.325355332 36.5617789769
156.890488165 108.797762182
72.2045278879 96.5985754542
115.748868792 65.1352683181
115.041639052 121.012665365
148.840342547 108.900649186
81.0213490465 153.943169193
111.841039783 31.9422143824
59.452025166 88.9976783836
18.2866076417 149.935489579
118.057795124 65.4301093578
167.613139707 153.750809567
8.64459282553 133.188583998
42.3268240822 106.181502121
173.982235979 120.126340072
165.084466753 124.892856994
57.9186813688 58.9720454673
122.908399819 108.963160681
159.1405149 151.27966694
167.52329823 111.698510132
82.1661905882 188.245339714
166.502369271 136.56204305
103.065967562 103.410637601
58.6744536558 12.4839588777
183.993529352 146.011619768
180.321435045 114.284655021
120.592296126 180.166617813
21.6893408496 92.9375893484
154.549062592 174.86444987
20.7363325074 142.266767892
158.369789439 56.6475778575
59.2619198715 180.966112031
68.1889089566 97.9447678588
139.129623277 61.4127445168
150.046089393 75.4914908534
38.5436426359 59.380835575
58.2824639714 131.585029907
98.886279674 20.1686228988
106.691048115 49.0869198117
31.5719252605 77.2653468964
172.047341015 56.1623969978
119.204402783 190.458880928
148.304751008 85.2217135084
66.5564583236 170.478571494
137.162350389 111.153960282
143.151761951 63.8973464255
58.312220171 60.8413419812
114.15624221 98.7028999954
73.2820648802 118.380657275
84.7238447273 36.2191937841
145.845494464 150.556072369
95.7765695428 68.798701519
123.693695883 56.3972616894
92.0181270332 158.299284355
110.353532297 186.038679943
94.1597948742 102.279990605
115.659406127 181.66495011
85.9721605946 186.947390971
109.791295643 156.358911047
36.4909083174 113.587246473
79.1590196424 195.523568464
7.71782742583 80.4489672079
23.7523283043 93.626857181
139.441745662 152.349738313
124.599374765 29.4277368802
80.9594783114 37.9415893036
72.5791657092 146.85842751
139.619629472 144.477095664
18.5187276207 144.630039965
171.472551332 146.385686647
112.189814956 51.8056857858
140.239852208 128.543805167
75.8763911556 153.436202746
98.5387062167 145.688437218
102.73474769 159.770622792
116.097177203 190.55396273
179.355452769 79.4305462491
62.0744669991 115.885177526
157.757642282 82.5965268186
180.004253618 91.0185328846
44.5845286755 154.371271154
27.3084575335 165.937865163
33.8003842287 116.437177122
76.5390307674 56.0343854832
160.055521998 97.7154893975
129.223608796 84.087634686
73.2212270659 36.5742595372
53.3928037208 138.196002168
95.9768268463 164.481519187
73.9458560478 112.032417032
140.293564904 55.7389408164
61.6858359361 149.553994536
33.8475531682 158.278866785
126.712909208 27.6931167417
66.2970078739 51.0089735058
111.242122967 149.466064405
104.174744531 67.3542269249
201.439935923 79.1156467325
185.163559709 122.525816164
130.473387383 75.8657250426
39.800578944 165.197057767
150.642588488 171.71808655
133.00174624 91.4039452662
12.2282855236 67.8471004047
77.8432772313 25.4090992786
32.4265318788 93.2988615002
56.6238172099 21.4865052116
111.25507618 23.4033795987
148.967884093 87.7437303286
114.638839624 111.705207842
174.663433352 172.26806587
140.707826247 146.858782248
49.8610017979 59.0938529518
38.245266647 67.9019246939
19.6070604567 120.893382596
44.2027073138 97.5813321025
110.494308793 156.547143772
41.9959156062 124.498106761
58.9853268844 133.32062619
184.105674973 57.2994154824
106.042776416 81.8126112321
72.3173015631 44.2558101924
39.8304521491 133.441460782
112.910105281 86.1745979479
141.111430642 52.3317838961
107.34914685 99.9268409795
189.452619272 74.2778690738
116.829233366 34.862294515
20.9007574038 109.839958812
128.84223973 39.0175292485
174.971311482 42.5537404295
176.692633785 34.6042876385
31.8825116419 120.818387571
126.404363508 130.960682595
101.721997603 106.540076064
94.4982935799 55.933412368
97.708808471 130.411320971
118.747924508 111.361036856
146.88552719 150.192591778
136.250792862 145.909539348
152.494599843 184.780275179
35.5775730713 94.0319688893
26.062712634 125.080430905
160.887908017 108.437976589
187.382917941 151.082680362
189.61699496 139.166702219
104.410806525 1.39972713686
66.6574396908 27.4421960217
45.5379252636 156.699222056
143.807296041 178.316955435
36.3871365948 136.813225285
173.126151742 133.017730187
45.8520806635 34.7732692903
42.556795178 152.094022427
88.0995969154 123.045146346
106.133549541 60.3296836047
31.3543370165 40.5426473199
133.542871337 53.0710528401
162.035474883 164.972104695
117.694269407 140.88729438
180.398034167 148.60046243
64.507067813 21.0352351781
134.221429431 187.678803588
102.559598289 98.8273598941
84.191787197 167.300632579
70.6968064229 96.2392084003
78.2831464545 12.561864622
33.4555300503 88.3829190933
54.9409478185 15.2480217864
56.5489156758 78.9853651872
6.06538276704 102.616642166
105.640958761 159.292893716
139.52541997 107.387028262
127.136350206 132.403095759
15.551948668 98.9174857209
68.1581087698 34.8083896323
95.0109770814 51.674084805
58.9365494004 56.3476107604
56.2923576095 113.719350603
187.829943487 68.8596649993
107.224481034 151.571723823
170.188211776 48.5036362974
175.389731524 164.556305734
32.6893196588 172.853741581
141.107292631 155.192118357
18.9193318495 160.618851239
63.6253955725 91.8134649407
159.792981011 135.460031862
60.3940250974 158.407042595
59.8458458116 66.6272005764
155.98678751 110.353521227
38.869677131 113.631725215
177.355595082 56.2035098894
103.240653935 113.121863282
167.005732367 24.6765197455
22.8488821797 160.127369854
4.68525601786 86.3404420555
137.281063692 117.609745055
115.622373755 120.704551358
135.123536712 67.7853344891
14.6396720799 126.955577379
145.195562234 151.549704961
65.2452303096 60.218321116
94.514912968 155.862269955
48.9746743911 145.644695465
130.98028855 11.1418563056
71.921862468 96.7140868035
116.887908499 129.410710259
162.27258651 89.788569452
110.547153643 7.14815566806
61.3217713725 82.3304105592
15.318073086 127.481356898
27.7933310418 154.941183364
137.057179673 33.6430166773
42.6431022858 150.231620256
155.456181567 36.7650303301
137.781500401 146.576040164
115.941432765 161.189226826
128.194037035 70.7744319764
61.516288161 19.5701289003
27.6333690887 105.826128764
47.3594318777 72.6528893604
166.776969945 48.8164642734
68.2930829907 164.316206049
148.268274621 15.7311635495
150.064071005 125.617840399
170.142526349 178.444932946
78.927287296 74.169647134
77.6033843679 77.5182537949
22.4662025843 129.066766837
179.433802559 49.941102849
90.2321211512 31.9191768533
133.807110669 189.516090738
80.5917302372 69.504579177
69.2931450178 77.4578495701
52.9398488347 42.4051746805
121.85674304 27.7836754763
151.482576484 110.959489217
151.28212357 148.023727058
97.8066774292 160.151982169
73.1916435953 141.376823904
138.035239747 143.73533816
135.89105548 95.4012574562
30.9526671234 89.5314142514
134.169915865 91.9080260727
71.1887114243 18.2805826364
54.439527933 62.4329212131
31.7315972173 33.1923568858
37.8228313957 28.8410430334
174.869787993 127.967374446
63.8291804422 158.726284935
30.4368483146 128.609366974
132.82472181 154.861563544
61.6292051179 49.7378643093
58.6728567161 48.7600162043
109.215743822 50.1542732549
74.7555266988 192.96573236
123.711283558 76.3411205439
61.2966573688 163.226933488
30.5001301981 127.123277076
187.861640087 67.972737647
187.908501095 67.0523434938
108.462619267 154.276497622
158.167403326 158.73033759
49.1078279189 58.2407140993
70.9649359133 140.234088792
177.334135059 90.4422012047
73.5332841071 157.773075148
19.7755548256 43.0110760447
113.434526912 148.942580548
47.2632019571 80.0264538567
126.990905729 124.018959867
118.761095849 145.146358415
135.875949901 164.343940151
142.130004507 53.9568857637
100.67862172 97.3498415585
147.158991058 173.260690402
143.958042144 188.540216132
175.095323402 110.664621816
162.532898467 110.404001037
153.701353618 58.9110753208
123.329484751 58.0011904634
24.6140384619 164.238641585
47.8049889644 98.2317260342
120.273657075 143.412122784
151.500384221 169.226932921
122.260896724 27.0190176952
139.974519075 176.439741731
202.697032264 90.0163339963
40.8395187083 55.0357488158
129.320087369 28.564888665
164.692169619 169.609500235
70.1950067426 66.4243262013
142.125024677 117.000470263
149.248995193 155.317757684
76.0243112281 40.903681288
95.4850752646 43.0629960189
16.1538725243 123.646361816
61.5440218278 193.464205185
121.196967842 158.266451153
131.46820635 186.65399514
91.6044668124 57.4687473423
24.840263626 101.463546837
125.792686838 114.324532397
8.88488826398 76.4758093131
138.916201189 35.0794682159
36.6463297758 103.564996745
178.014897846 131.135362619
38.2129907949 166.054287478
96.5028934238 43.0374678712
122.078173518 74.6848141657
122.351558791 88.1385857928
101.085928592 7.10407158546
43.9116034624 32.3366471997
126.358225322 146.017706287
21.194837747 99.4998358005
42.1991854166 184.213784475
121.657435216 157.385075978
166.015519452 142.474424464
80.2829925319 126.415119381
104.654113235 189.107291201
114.54806329 53.8486418036
109.589162268 78.4169812548
44.7609468637 33.2808688711
150.170039208 32.1842483009
91.2620517734 175.170812425
113.135397425 89.7255324947
134.740179117 160.828389543
199.751998933 114.185903131
100.419345228 119.509002724
22.7266797981 99.6778299226
21.2276508084 112.527125757
128.934636497 133.520446314
76.7460390291 37.3085303655
69.9833770136 198.61311154
65.5621813147 98.0858798795
98.5309860391 115.404922557
107.331588425 157.09319494
45.5279152193 182.281732657
101.389416763 165.135392345
183.125240084 149.466786838
106.18503599 159.669299333
138.351844704 167.409359895
146.120725232 9.70750133663
93.2559868142 141.356516323
78.1276876881 191.778036573
126.904847852 176.140623726
138.15130672 183.15022768
171.764422688 124.349647562
74.819416507 7.25450217078
85.1751488597 198.749516359
129.746855042 79.4187113627
142.245432504 31.2168126294
93.409698412 195.314469966
85.6762340809 195.625191882
86.7532955944 156.501472436
149.875856225 80.4143556322
113.434867216 105.023850402
157.681420829 142.268366088
155.305655795 143.698364063
90.0553780487 20.0807052247
106.076950718 114.357347812
130.838059519 189.551549953
188.613142205 60.6179157251
185.991757152 51.2901912996
64.8592930167 13.3921107889
73.937564241 64.1310191661
97.6155055491 70.7164234142
99.9856656003 82.5777711619
172.824834554 55.3266628925
188.505051915 127.855062609
177.540598933 156.30229799
119.128193634 114.371042176
56.5750264962 29.4336094714
35.7805132063 139.523076285
36.5037900743 60.0674786031
181.660925288 58.7468670603
95.3319932459 55.6818451209
57.5211424728 23.7729599527
58.4255263928 118.057484246
133.515068229 29.7309221217
96.8849680772 91.3691874153
134.764601466 36.6944362874
63.5984963358 92.264454221
160.105483157 93.8918022771
105.305192653 63.0976718485
137.151902972 171.831915402
85.3349193168 109.825004647
142.025858654 58.2712944214
92.9370517448 204.404240694
100.342421571 58.9618854096
38.6469124013 41.8025857761
54.6399123039 140.383837845
91.8654355079 18.7697134244
127.994712731 48.3701730093
62.3604915997 45.6812875196
101.926294497 143.64417153
135.000048236 178.546827472
23.6295561305 142.29601521
28.028594922 156.680448474
188.279284473 144.642696626
54.8536485197 168.224298315
33.0047837343 40.1916804007
113.580975424 121.524307634
71.7593078128 95.1271330925
115.508965699 159.730318408
7.64830038389 110.537676853
126.150112507 99.3574935997
63.2613060805 155.945415764
114.984392944 59.1851592346
188.309048819 154.575176214
102.744285913 40.2311119816
195.395902515 126.642891849
60.3333468104 68.4557911014
84.0756520636 11.2679787667
47.0006775888 31.5367540781
197.209352875 69.3072271274
127.076402072 174.576755961
172.907291133 130.338980263
100.422119276 113.29342433
117.781603834 161.570041919
191.868700259 105.091815847
188.667323686 118.863018392
98.0338797709 173.647294568
168.39384468 167.483265789
83.2851426765 24.4778530746
194.472456945 89.3454367098
69.1155326303 159.281012075
10.0621456399 116.19675946
166.287420186 155.682410293
137.404465731 93.6201485966
108.911606868 196.116284803
24.5239187291 127.335527191
73.5348353218 110.9598822
144.987851317 69.6453922249
159.151265078 172.524880999
78.3651027223 13.4951281969
90.5901419774 74.9591688022
123.3886096 37.498778803
40.4838981206 101.958042283
88.1259339479 122.961393718
162.293721615 109.060456509
149.578827011 139.523410625
158.088564346 151.40731383
135.444003692 135.202050339
129.973791462 98.7601201449
179.689140833 45.5570128372
143.436891353 34.8918310184
135.253465344 55.7530753326
55.5728116391 28.5333017989
38.4791951144 35.2822020446
63.7740229615 61.2166811333
97.7123129757 147.083509804
162.616911053 19.7579906738
117.251201709 65.3302034611
108.231224233 184.570104764
144.138218386 97.0678189869
41.4785220823 162.43954371
76.0738202801 132.093627031
20.740630137 51.1020349117
65.7113690544 100.785701946
90.0521213381 122.073354897
189.747061066 140.133439506
120.073657674 56.5049901611
61.4772806313 60.7292270545
154.469804519 75.9640795521
78.1448924016 34.4470000828
18.7696130958 107.858468416
33.0030477046 64.0737117375
166.892001057 121.968020447
68.1794285713 17.9397457773
74.4882958182 193.190402422
6.04558980378 88.5188621809
186.240208839 63.1751943468
163.878300964 136.948517053
78.9020679829 129.338455567
30.9454885802 116.053742593
30.1633093038 108.299053116
73.3824951341 136.397789841
198.203233783 104.130137983
50.4803448443 168.930502108
170.149365153 122.925329838
146.308945214 40.9381705955
127.307906563 95.6566892251
28.7547157107 102.641155556
52.2325381213 31.2548548988
152.379216489 37.6354949195
49.418659332 133.252797457
145.823380738 73.1796887556
122.762678257 17.5726189339
119.909522307 99.530962703
160.713215821 60.7907860353
97.1767293813 75.9763791362
47.6393698882 41.4323608134
37.9355197099 53.1693456141
162.36989232 100.672427249
29.1133152867 64.2812284708
93.2699288818 7.10834898636
93.2641818368 27.722656937
145.514888552 51.1543470582
115.813482677 1.81381931279
102.556268309 105.820042807
144.25522022 101.624404407
92.6919730714 136.337360744
129.880794888 79.4886012204
101.619727068 16.398461326
39.1459845224 92.8748881913
107.950772756 142.57085131
32.2458580923 164.53370108
25.8684357646 110.685975848
187.918158426 59.307827785
9.00010368313 71.3752959019
39.7902822781 58.1351447478
79.6539277622 171.149380947
147.712071094 85.5782919617
86.1213586351 83.3601013091
126.415317439 44.1346405385
134.511509896 117.15554859
151.392738605 130.564202678
46.4393375185 150.734940804
180.821396495 103.502483547
173.488181014 80.6643338935
98.5773714248 97.0229041871
74.8431063251 153.463293018
74.5924873733 113.356126694
155.72737898 94.542103547
112.271860152 196.605458735
54.7051802508 129.632030177
158.674098879 136.118302933
199.257613317 107.236198159
129.105803364 71.6910748133
90.9926741298 141.248057251
45.4558029404 35.9863003298
47.3079305439 46.107203021
161.284666884 160.464141264
91.4387295584 20.490409746
134.779835604 90.7983418742
18.6917608023 61.3608339336
18.4883238541 143.450408183
24.9346128758 163.364105415
64.2520355256 107.808650568
139.86990997 14.5623505654
179.179812911 97.758459135
10.2438971203 135.988909729
59.4871117585 177.832649566
40.4643346784 73.1335506345
97.9624947553 38.2457599333
92.3933630271 74.0649595859
93.930582735 32.1103408283
117.536654778 186.009231921
55.9009334119 166.361582391
149.167310919 50.7884082826
84.2181341123 179.171920372
161.305362881 57.345900307
42.6594112253 150.758172521
53.9589203182 54.8125504167
23.4581669389 146.371385941
18.8962213225 56.3763125812
39.4275295537 144.185595723
67.2849496397 141.032843112
67.9528700185 162.903070189
22.7204099133 57.8039435198
128.21795786 104.847956679
154.495151206 72.2463460056
29.5687100459 144.150894152
49.2811775957 118.426632738
51.5475795851 108.889393123
65.463054755 196.247444256
26.5582649217 52.6113730499
104.478548914 33.5098861328
146.055976105 160.454078269
86.7964530732 194.229804019
98.3382338079 25.1282450737
158.881491573 188.252657944
19.2727181275 109.780137096
45.9617991081 126.637887673
142.516318413 193.980829838
144.786868024 148.156896975
181.615953477 151.77257885
54.5146103803 126.234855749
41.2010176771 33.8534947133
50.0762788381 189.490702898
133.614660523 165.369607288
126.553250816 32.6698844219
63.8979032054 91.349247504
69.9563182807 175.394738671
93.2496932362 179.702205651
53.9415575226 75.529758902
169.163143717 28.3419698984
162.346401567 168.996527215
58.485546675 160.31062243
123.009933047 92.3908597607
86.9800863412 162.393605227
18.2472826236 141.635625522
52.9840892195 185.904957045
76.5319374513 199.401478938
155.676497461 182.220002585
41.5790152719 39.104901678
119.242792375 148.854994512
56.2040502678 93.902596259
102.864223473 18.3366748502
175.928007378 34.6807737808
50.4990098001 154.871666936
31.1186472786 131.819826962
91.4561525296 27.1097591045
83.3556207234 88.6730750182
41.401665393 164.829985632
72.8378733356 189.259745921
111.827526402 33.7917723233
60.2830788018 81.3257301362
183.471195295 114.823599454
156.638707881 39.3330289045
41.4723365927 26.5888911043
157.051812976 123.290218971
81.9581453223 161.352114127
117.283610579 112.043096781
60.2642095716 173.128588566
115.055311907 194.092403666
42.9873302753 54.0620873957
142.179239689 162.862451484
60.2871608588 175.614321035
182.898574134 69.1082844036
23.2783896458 64.6907081362
74.5747577297 113.011763222
153.493426934 23.8180007764
28.9122471446 48.754895318
134.871607229 28.022827541
57.7536776249 39.3860167102
77.2414436104 72.8817087606
81.190654973 70.8342870239
193.88624531 95.6591292061
60.4843496558 10.1671117698
41.4034357881 23.3102317831
39.2724185786 100.369393634
14.3901267358 87.1525777145
183.569844725 85.232133998
77.2406722664 173.88832704
41.5688832605 98.5828254737
58.6459098914 17.8245243789
101.994131706 34.6375352922
70.2938480184 150.553855422
131.28679574 10.5598022131
106.774177105 28.2100937319
116.985010548 123.126423855
70.6755303517 94.609808644
101.820434535 185.481539567
78.6813428802 28.7127864351
86.9917603935 96.2729400326
183.587374866 163.8595743
90.4886631816 21.2815492099
137.716283613 61.4866175516
70.1325226498 32.2753049747
37.2999315215 38.9474306036
178.9550495 54.3721403563
157.173329015 83.1130355454
14.0348234708 85.0110432936
95.546856051 121.497920524
30.0011927213 150.897811507
37.699310641 54.1557621098
80.6864223559 173.64606636
85.9434191946 34.7014481484
135.419476209 65.1353382171
139.926707099 188.661775071
69.4530713668 112.041473901
93.468927596 158.099473935
100.683061877 162.206946504
12.2240806816 63.9747365742
13.2893725682 94.6157777887
174.854215586 150.476076941
11.864578075 94.524885464
142.46109989 104.755091006
109.913913871 39.5306515388
128.076687006 54.5068860069
142.346742371 21.1560927411
131.375836838 74.9298760451
162.631889124 167.448548837
129.544972636 178.499861439
195.105840467 108.956954214
187.081377633 46.9537288377
160.638662492 127.812664163
98.9716246031 9.20160460667
108.795211758 162.739659797
82.5738957938 113.44689048
141.775500367 60.9842746661
182.806635994 105.305222448
64.4604299109 47.0075109446
169.678280728 159.765240343
127.718054284 10.9661902439
72.4393063784 38.8268172791
114.755230899 127.226567245
103.381671637 177.328155497
88.551994742 162.77752787
31.6946695761 112.266345072
107.262063159 100.247159301
72.2303285588 28.2735830899
138.866502274 165.822355887
169.117106601 36.4025973055
171.682328287 62.3387912498
128.894501434 139.553098547
81.7184674088 102.760551809
31.4275189872 30.5633466845
188.154504987 135.124969715
195.108871239 72.852057278
45.2152010553 40.2257605857
140.642684563 107.302614823
100.806067015 91.0518628798
82.3584650346 182.510658229
149.38696589 119.608943159
164.809988625 77.0599138148
84.0433560684 191.985810079
48.1369902219 153.420122967
95.6659805901 162.087215437
77.8015486328 73.6396859534
26.7304194902 164.629184729
66.7321190207 120.643596584
87.9365403874 200.100601615
41.488468829 109.6414189
106.584092936 82.037268001
138.955434366 184.04780171
21.6498049423 42.8987349327
100.323643899 177.943965275
168.053781128 85.1660162877
175.314722139 36.985288406
81.564099438 30.1442220729
145.920319278 99.9676127704
147.444135536 118.101692185
86.2198384411 83.780185584
111.116159954 104.513439316
143.176987798 23.1969420154
125.449397866 50.3860644882
127.571064514 161.387513718
132.608966771 28.6845343546
120.640322208 140.937980419
134.094349004 151.037427167
56.1735456905 116.49607753
86.2876863377 38.1825807657
29.9774940008 166.013708299
50.5194414227 32.8146468833
7.02161807563 135.782171694
154.976133577 78.9683972564
95.2460437507 18.4393165414
86.9708257246 7.55156910299
175.591650584 82.0178580382
151.821612906 112.950133419
95.4481974167 90.3541488426
146.453322185 32.6620972078
128.25794176 147.328043125
44.4429729138 110.957649757
155.492015372 41.0927598198
121.024876751 67.7807045535
192.27071504 123.65877497
176.220558641 114.547966776
105.928094448 60.9143031989
159.741595889 96.8936401334
67.3065683845 20.9964791829
60.0566784302 101.027062283
120.983585115 105.611802612
107.153773519 114.393051222
26.8299076565 136.606484443
71.9828366279 200.423590877
88.5932513525 139.616361913
116.959186604 45.0895515255
180.21878308 74.5786841312
35.9357883736 90.0450118106
144.987035721 12.7206857333
34.0022740674 80.3343123956
143.998233854 184.316827802
174.860189621 129.383612894
145.915618487 126.414331123
167.066479532 42.5557521857
71.5698174721 129.638709204
82.1625592031 149.65587065
119.776739883 120.577530874
167.909667083 142.284117081
202.080230529 82.1702733497
