138.629443816 138.517659304
166.818109705 266.014971007
163.611080947 277.819970635
193.80881765 277.208160405
370.592937364 150.68896845
295.64766382 365.680558715
282.326217296 341.790741143
183.507722858 345.298723228
229.929564214 365.659061217
325.612875819 326.482674674
370.948206337 368.983650029
160.615731594 364.509726624
374.353355396 368.418359277
363.676573457 213.916829293
164.131754978 261.294086894
362.334230029 165.339859468
226.679210597 147.224197956
291.662110975 368.422290599
268.332525677 368.022595712
143.022722092 141.656346119
278.759594971 374.796404924
352.394228963 220.072955457
180.010178226 344.309446031
332.653121579 187.257546292
202.493172538 271.487604454
226.365263459 368.20204336
172.997117245 275.681281004
172.135946814 300.600781429
224.994083584 346.229270809
188.847401742 336.75699378
366.902596238 300.076598704
344.459817667 152.691519104
312.025958116 328.090281978
375.452618459 285.639954812
159.949446535 222.19988104
145.628738612 368.034476998
340.15375509 216.689761181
319.381583915 332.523707793
171.680976298 138.775129797
278.595411889 222.05271228
274.941769349 213.694928566
138.842137695 264.80370643
371.402074643 273.600432559
330.352457383 375.368977578
320.260850213 190.040166916
260.189776848 145.339709905
222.174405606 310.757820878
157.470988461 317.815549878
359.091890453 371.472279089
313.199786485 328.108797704
138.579003477 282.043468405
360.979228444 185.073766391
200.936115951 178.163219661
350.052170857 363.430308912
140.801898674 271.019476382
348.365069127 292.97045587
147.966338066 313.421060794
252.985862189 251.546209407
219.939475686 372.969255524
184.021894158 301.169091139
232.153361187 145.08356331
347.403390647 192.509677619
375.300748349 215.494897867
272.094051508 289.6656244
277.009064492 268.410543835
173.441325067 374.784935197
138.742918488 260.351094699
343.655138785 271.516273508
326.498616629 292.929366658
248.835035904 334.128953722
320.337906805 181.898862678
255.578737749 374.397456364
276.394896082 209.617166665
152.198797358 204.705851017
146.932929683 370.071778371
342.653371316 375.126317498
196.234934114 361.835124649
140.16660195 369.166966594
359.526432353 314.661026462
214.813927545 147.192610414
309.891974268 213.90985079
169.66933352 195.796580454
367.489379771 375.503549656
156.062767845 238.492854596
372.000956456 297.88161053
371.66561236 282.720130671
260.865998838 295.177876395
258.972713841 151.411795525
359.454134625 354.530265209
223.862087176 237.1844864
243.804415855 367.091521515
372.039840258 374.189674493
374.271820331 274.731343475
226.03176314 369.463070072
226.628287248 273.967352498
374.706999449 168.698297206
331.693573536 368.446757496
340.53560958 283.632235898
186.606196302 160.556737939
222.433895182 333.57423621
310.184209559 259.41249704
206.658807957 375.404838651
138.504961143 139.828736035
258.834652524 362.429579945
221.729154016 186.726545183
195.577182021 199.979016992
355.351576571 183.768037822
167.544633021 161.147476422
142.908206562 203.179371744
230.071500831 179.5846321
320.242763019 146.401816943
348.31334606 138.514023477
138.585988291 228.19804738
146.775125724 329.115392399
323.105565449 210.050561146
142.068152805 165.998789077
140.942162509 138.601905268
242.837714189 162.615192789
332.045554379 247.6210873
318.482884712 297.735022337
168.764361843 370.882895634
293.378304714 148.1020705
159.064484447 276.362644168
361.575878978 145.650722416
209.834927158 365.99410336
150.788640955 147.308831248
373.738979222 243.002860432
138.59661335 348.786599863
220.138440123 138.547608307
159.146999659 370.612589536
272.91475839 370.116854894
359.987529974 359.024730017
207.941916313 371.345910052
285.538405366 334.145541402
144.452135914 368.240727113
280.538999715 154.699637766
194.365994077 202.696244342
142.496760746 156.471826565
250.223157808 138.556978495
139.74256167 370.888575879
332.810505788 240.30684317
138.529065966 210.922064627
331.153570338 268.336479645
374.636984756 243.733001805
241.396906416 178.214416748
374.097955744 321.070537856
150.770657738 262.326367675
372.29798086 242.46992372
369.309709678 276.654933555
203.5539659 350.111234207
327.788943981 339.075118214
262.749318574 194.735220073
253.171113431 192.249525984
180.218902585 370.733524431
222.879119875 372.923343543
156.000278453 300.278771086
357.318604299 347.524990366
373.064072717 264.449862587
138.594215572 141.416106711
285.563611335 373.034175949
350.208270286 211.84637575
372.39376323 199.521163834
353.781914591 360.442871922
368.055435802 325.1591732
375.213435498 326.769893874
220.605046728 212.920401683
181.71289926 142.646586325
363.116059911 288.29242063
153.884160398 260.584496794
150.252981393 224.845732892
334.118737039 153.295752391
244.18550354 183.646796919
288.173049529 172.30518673
360.071681815 178.864728253
208.893526846 190.424674991
145.362060441 324.254716465
361.482735589 338.04609751
267.902205201 232.017644478
155.083776945 180.861258939
139.834445816 179.107561529
222.293315659 155.054655487
139.343599969 199.458169499
241.87511372 156.051366617
312.403624244 373.723337694
140.168181688 141.802884283
153.923987408 343.734082452
352.864066325 375.503370533
192.992129576 335.839932325
309.451722786 166.760287254
375.437585487 306.052339613
303.339009313 145.037030723
220.232251867 361.180286803
176.838934532 177.505070816
195.68020253 228.437223467
157.287041731 264.536286187
203.070559987 339.67774746
307.054468425 160.615979431
292.316343637 163.368189441
158.888958834 329.439961113
156.066724358 145.507414048
180.273811974 217.050083467
375.454246853 140.619245096
278.560396453 179.294093261
206.907806115 371.533605874
312.397647514 312.976549299
138.652481838 146.383826789
216.132089742 233.092594622
227.398386838 315.297983588
232.302608498 155.779135019
148.949360228 293.731516471
344.644003026 273.324157379
191.461343437 302.899574368
334.913456816 230.18631536
353.814923439 171.217354744
268.909117828 140.113766154
256.111399201 327.159961161
244.647098112 189.675258171
235.41723861 302.196157859
223.652735953 321.291627695
141.003730123 237.628580303
171.032815588 243.322369816
375.359939851 375.361500951
368.955725365 184.736158409
199.227709463 148.092727058
374.615037569 364.67538441
319.360161638 358.669441797
364.032457739 351.333977436
197.447539036 145.274106456
153.295152463 313.579224935
166.018578324 200.790869342
230.012805928 138.756258423
178.384035914 157.216385876
370.783077189 374.424259553
358.835733745 328.557858749
140.558722875 147.815319541
360.119251458 142.538894207
248.975114865 155.624102691
254.417418519 157.760551912
255.896383912 348.829154688
197.958845904 287.064680427
192.940443328 371.594060407
360.242190112 374.618579385
250.352722072 231.70106602
168.711227024 241.118482341
285.412140896 138.582006507
235.203997005 173.728760862
361.544615243 148.509251128
374.228736712 278.951854456
176.646002642 374.25879292
353.237099859 349.691261991
357.152578914 329.004246039
337.341549093 310.318867316
223.224810421 345.825706457
308.180460431 372.510102516
172.829345885 146.853280351
331.481361179 201.972413931
370.091545974 374.992688108
296.186282269 153.955960295
230.684572915 138.77215777
138.687985532 350.179800136
373.979007975 140.231092262
156.883956631 354.323278565
275.136317711 169.936255481
154.578840407 216.21609821
202.586557894 296.788960366
370.246255548 322.115196743
296.119261456 140.586969847
175.696879349 141.725426725
260.962628077 236.731136992
374.3299679 343.869817239
325.912918072 316.429865957
368.64579208 307.5143319
249.219734866 179.793397961
161.693413569 150.822244305
373.19560498 148.675203703
190.166352536 350.93832748
139.195273247 145.088211923
139.58152378 320.754019684
371.556572187 259.64378452
315.33204179 168.428138576
310.264566365 344.949812648
357.254052338 148.270182795
151.988282133 374.719456423
300.062453311 375.160257524
372.43772778 266.785188286
268.246986952 197.832010261
326.83548151 138.503017829
374.422962959 339.788607834
153.776480004 157.311085961
215.507170796 154.597104303
255.070528233 140.450611401
362.102011185 282.16520867
288.913145226 327.81196497
191.056737163 318.305136888
348.022864093 374.017929641
160.654329967 346.59531969
276.890911375 233.883986006
212.173554578 304.942556707
166.566669772 271.696334247
273.276979584 331.780600797
373.525706783 366.760294233
277.620839683 142.192116933
299.83024081 265.035156547
184.391810085 188.881533644
372.467783072 141.107982293
143.154984211 309.667487115
142.48346462 199.150690373
373.426426808 363.802262146
290.97237573 261.351043284
171.472050841 279.266023591
350.777282347 375.194313019
164.204114021 244.810369981
139.994855892 372.551235701
218.44188643 239.477672668
314.32086941 183.103949774
198.411046131 196.837388009
282.624891797 354.451386752
340.00820914 354.464781299
318.147403087 345.806321007
342.752059762 365.786885951
138.789690288 373.769814557
305.740035189 343.551022104
223.389386541 163.813756033
139.669885575 341.027828549
316.452342044 265.697394142
216.672118226 187.706335091
273.733385296 314.356437308
335.492148432 187.290009946
356.733881744 297.644149316
373.890225252 145.803276942
212.320870592 178.085759466
152.796494511 316.79001921
290.825567738 241.853144273
344.457897476 362.003124798
305.351723492 157.714016797
211.352398615 185.106233537
177.596415761 331.21496962
336.492281976 285.211192248
155.926320171 193.085597058
235.58876901 358.556178033
212.578593455 196.449371311
367.655598622 368.510688752
284.62810805 357.093213963
138.642462331 165.373354516
215.579642409 374.825112617
178.233352941 341.018104424
200.901712624 190.01208453
248.441324741 180.230218427
182.552360349 165.031093505
363.905738713 359.128711355
331.005952354 374.330757654
185.029412581 353.001319616
374.787752272 186.658025398
142.664697118 176.956116866
182.493142821 138.543220875
275.148513778 178.248655241
293.788343257 175.666648206
375.252396659 261.787304084
147.859926702 277.963725742
140.563062856 158.216161568
226.985965315 232.442098017
278.580397794 300.088547486
372.347756322 158.498641658
338.248239386 372.292676205
333.373060935 288.631751696
364.400038163 148.926907924
148.551386563 374.670762335
338.129068175 374.753673607
364.386591506 144.308944652
166.532438489 139.911530138
143.959928367 375.347545243
207.115580436 172.142632707
146.14149195 347.955025588
318.859134146 170.797670397
229.512934675 304.410481711
361.115177489 202.213527536
258.484960262 326.449879732
301.765701907 162.228256698
207.803482351 196.918157689
371.531503422 146.288411464
225.330161699 342.018334905
359.202600288 365.036866386
180.094334551 187.626686606
227.299488429 345.559128944
355.933111723 371.576659125
370.008216286 299.367934238
261.116666675 369.119595345
280.345019324 371.648298827
209.039968242 261.228489823
358.964868025 261.263608228
178.624698709 325.328401314
374.986223563 368.679546003
363.357679071 139.434556651
313.136032992 356.576537902
237.673159739 138.714466316
233.389312371 172.616773682
261.517446631 249.494119462
168.635719376 166.299090118
145.117975458 373.808042372
154.664720729 150.956349038
308.819478118 143.322605239
219.469273887 141.198107619
145.548354784 299.93970883
177.209972424 192.177147317
252.869673639 210.597694701
356.68632336 249.144263247
365.513185226 313.109858644
274.639869875 175.87678486
177.313481018 368.414700846
360.625213959 172.581798655
351.860243438 355.022979176
138.511734737 138.686604959
289.154161678 170.252248905
222.291418247 190.725694979
138.740492548 375.427613848
245.735328941 325.509210167
360.245868193 176.192806689
345.520409344 251.041345652
188.112986578 347.212978032
146.088916574 152.119632882
275.699829508 363.723286009
243.809974963 343.980826907
280.116127298 251.078361526
351.999853614 145.689728471
157.990624525 211.841220229
333.449815529 144.234922867
209.592042639 144.469967175
185.99873762 230.301489444
142.891726537 174.861498046
235.858053468 155.175990328
195.605312612 158.758957586
286.716279263 321.251958392
214.477307969 214.644449397
359.301231199 331.734255412
195.866624351 146.001021041
243.853181611 329.704176684
246.558295617 375.286434716
276.195413454 373.422115576
307.441693207 186.822712019
142.899156188 367.96544242
138.623571451 248.140740894
349.516642891 334.415320325
350.170168379 155.07204722
138.602098888 172.056601646
332.39132293 332.959877871
183.794265545 298.944514313
238.396366983 345.093162396
139.810836682 354.240504863
327.099604445 280.060808744
349.10053773 217.53318354
297.849081927 374.8953727
366.152928483 149.452270508
192.648562645 147.915008284
159.644793218 365.396191869
159.371266579 371.904562373
367.733652156 351.079005313
303.207993662 353.181636404
140.830440897 354.356134914
331.648939635 180.663542255
176.911116396 170.497676742
360.652922707 256.788581678
155.780855645 372.261146291
224.187946521 270.117308077
178.443635044 193.414604481
315.823084142 296.426052965
263.583197059 177.601255398
374.633986232 296.136332728
363.917182316 181.54443943
305.338225328 336.75345888
153.27868231 218.376992676
338.496054736 247.482994869
146.596805205 247.346351336
375.456354373 236.465267463
204.447710544 287.87821244
157.561801278 330.756925455
372.935414731 192.287219991
176.919140574 369.84022778
214.354928116 181.78788641
138.557971523 290.021501137
141.622145114 161.835289353
355.848948112 322.252895178
138.503851206 138.506212281
341.63256041 365.767714545
209.214620758 337.705458765
138.832897703 258.739951703
138.967429849 149.364911776
167.158606064 303.276951721
140.246697463 228.008394727
372.587781838 375.459067623
368.710027784 138.703012142
335.524630656 339.322194656
324.802274261 230.715186283
249.396608631 239.913366576
264.217896815 354.065776227
324.450489421 348.937686432
159.752846823 366.712846615
193.942695756 201.178481966
192.598998162 147.809908512
145.411101631 140.158059318
186.792681177 211.518672041
257.801778301 138.541987736
198.650902496 157.575348628
374.700569655 247.239324766
139.473020961 273.156597051
354.207893045 215.581726428
316.095601766 372.707863087
300.608125249 140.805736587
179.171874007 167.851818518
198.235146464 176.668285285
281.340949382 315.930116566
287.909168739 220.701426478
151.31568005 175.607542606
322.804014379 161.863941517
153.859388592 197.29676977
138.936843774 289.961025291
191.333040782 323.081277163
375.492119162 193.043787895
223.685889935 272.571416604
237.714041974 216.585262601
368.126095865 374.406289506
138.815055638 309.406982479
138.595513105 375.320065684
143.924048649 138.555011964
142.148728437 260.923793697
291.813784551 139.129799764
311.409380008 156.681324424
339.629004886 230.89240784
157.432551022 371.094848281
222.136574434 329.939826013
371.677752794 365.054266867
368.242303502 177.377912247
366.420775677 374.899103199
217.639156043 369.448033108
304.422240636 373.228587418
338.959727568 367.693840175
340.010468542 139.357471348
336.360488864 370.535600467
165.239909472 372.215777051
369.371917372 200.854197463
307.415026437 138.725307593
367.958275858 340.345919996
166.427534363 138.557965941
141.013459704 143.854417388
277.963060272 139.835823892
280.886301078 347.374969723
192.044066423 139.509975392
158.77624466 281.983901716
318.836896987 311.973428872
366.866083523 325.192007607
361.452874276 267.761550683
333.697541328 374.325643752
259.922196893 189.015986268
372.125534348 277.83821869
154.333125507 162.737361294
159.057344902 291.803323609
144.67822801 335.23876577
275.982651904 153.367904269
229.629071929 164.192984106
258.128529994 249.868506066
374.921137768 251.104202229
196.521134141 270.970317365
253.216247917 337.427869813
181.872822662 254.568470703
183.522199821 160.888673096
334.058104156 328.458456928
328.662145477 139.555623538
359.012580877 273.044878028
374.751289767 363.958638842
342.031718825 139.698292572
369.467436645 139.87170149
276.068537271 178.372035573
162.75850779 205.705911598
307.15241865 197.01040142
348.506970643 140.580986406
372.043892827 222.010057513
168.997977487 223.521397087
374.910928026 179.243399353
355.673513312 170.951234676
309.75570125 357.391496028
142.564467371 150.517936661
296.595409448 375.409604607
205.006970217 174.534962967
169.9383683 188.45378902
293.70162926 166.496201499
169.206197847 240.568675661
372.451890144 241.972469142
255.418189342 169.930260505
278.959211592 372.529576593
374.994028996 166.647503805
358.018256275 139.706064899
207.107843265 331.547289797
138.517608547 144.99256429
364.531979858 203.306151955
371.184419116 237.467572342
138.518320811 140.600955904
262.311367373 215.448835664
265.725382412 161.156699713
337.903123191 366.8973512
272.359754799 355.87481272
360.141748833 161.004560341
186.964691063 372.342114829
299.352424763 310.134203426
294.193969767 374.847852286
347.391052124 359.614722174
196.184893935 274.330882938
147.360668988 192.10523131
232.935851379 206.208422078
149.091059651 354.172182684
301.704269307 162.473016202
375.250291494 139.246906188
343.489467962 165.313820252
138.754950823 261.563918731
142.756322429 280.061920157
192.925513726 374.318383683
154.359639231 140.934244597
369.413819711 362.675819525
374.943481887 246.781555392
162.689681977 353.635934163
348.955891785 265.290947128
360.766161922 366.200759526
362.541153517 151.027805164
142.200983423 313.187504573
330.20354595 290.426039597
216.156182927 375.492479207
138.726034473 351.608239895
247.896338451 358.036385774
168.397659917 161.337470424
195.381701716 355.655150833
251.297550574 299.955027154
153.596378046 370.489459617
155.689648559 138.552196013
372.765408633 254.25646255
167.15720742 200.940605774
270.923239735 211.543610803
160.356391557 374.54135772
143.404924418 349.818395276
147.028390128 139.090260728
196.295961409 142.608201188
363.038341293 239.2178237
153.162721688 310.379203273
247.960036404 374.769719965
360.361070185 260.093667396
138.66221193 203.482159628
165.323710279 216.740452693
245.916828606 253.481333205
161.879492175 344.258530416
361.697632224 224.442874372
154.745588233 143.658864635
308.296768517 266.222990998
138.610165096 139.970036035
217.562723669 374.872539412
138.538222936 189.29237729
158.204047706 143.612130964
326.762158891 269.004646579
252.34886349 222.512605693
359.945204409 147.685236306
270.252895072 287.462080487
176.107090161 335.828646345
178.745830273 296.046902422
157.25803237 248.299811624
174.496258359 366.212838416
302.290789101 318.457914942
204.992128025 360.5726156
343.366654719 150.920824852
165.313046432 355.638448787
252.900510383 267.288815367
293.553490169 300.651394147
144.149797628 294.867722139
140.620044063 350.963874855
282.648923605 268.160975519
370.764807793 373.346672606
289.196644324 375.338642415
138.678842328 184.249111477
215.410105988 235.186698343
326.311837129 331.050621472
232.697494711 240.992821748
165.414468244 313.343083363
375.146626819 167.494360576
186.482014748 138.71938151
224.725712473 141.298481682
365.978304583 371.652868674
303.188341312 235.583006238
305.405853972 195.518640021
143.48282718 171.883527501
373.926032286 146.954825319
212.790065863 157.874855197
201.248276837 142.89532235
299.977778622 223.888990447
372.48702203 180.907294733
139.229660395 332.147875422
141.202677379 172.131823359
240.397611837 140.595355614
358.221523803 139.792987872
369.458707259 332.07195852
328.174260775 157.08276479
318.733345517 358.982255095
176.397686783 243.565813199
296.841767348 371.232252256
230.523862029 138.657686781
318.11521883 312.532258903
358.255045095 375.281920281
243.945744237 267.689815693
215.422928297 370.210573487
153.111798637 139.024253893
373.025803762 373.424443584
178.175329402 371.569950296
285.806178573 368.917665611
375.205798939 374.796298608
367.552670838 151.109279627
139.024259155 205.125137806
300.961261054 200.473283233
346.744334007 225.40346671
225.428591653 216.630669622
140.40301564 371.781519561
234.691053778 167.359985908
297.791842379 258.095393174
284.343883048 370.257109768
165.300783205 228.807424334
307.014636656 316.792123537
231.375368354 294.731251302
293.655722359 157.672825664
149.486452196 316.125806465
176.001954261 373.581795044
255.430875066 175.474442863
366.506189787 373.332826617
141.929600669 146.462072081
309.073902161 138.63841765
236.146757721 321.165794104
138.546636575 227.841740335
158.324140248 181.791918125
310.986276058 347.778589027
348.423860918 373.856089387
184.879492427 326.401670714
362.745411615 177.596992078
246.63026064 370.572766917
257.018336787 148.385831733
168.999364057 174.756225927
282.833464124 225.704826626
345.130589462 339.895349027
357.766686159 151.35002146
177.136925054 285.40262029
140.322641922 361.854656233
206.372075791 170.246946228
361.330440314 138.67247511
303.475805504 347.084402362
369.993990545 375.239202605
296.735145437 283.785800977
227.158852796 329.94517806
139.833865842 305.783391006
173.340489891 189.432396919
342.366571825 304.713699719
149.505120133 306.592327179
344.389164749 154.657477149
329.801279642 145.985722601
344.294407761 141.237729002
235.489693553 364.660861952
301.389086528 308.567242886
145.333407249 156.472377116
218.746446763 212.229905727
366.533663594 291.286943179
364.992012014 162.113647457
188.596143688 179.453059826
139.114151189 198.555102175
353.956342394 350.640712232
371.787995633 330.053681379
142.935578557 252.856992749
177.288382035 221.801552221
146.281425681 251.569636885
193.89967628 181.527861244
151.3248362 354.79800223
368.558725748 196.236865565
149.819729217 172.027739999
178.092258192 372.011659707
303.580527888 312.997050651
150.040336158 333.188756598
211.195623521 211.867246766
182.01502892 362.636526434
340.259269201 293.270842288
328.893118582 144.355270651
174.717935685 365.762245519
335.62278041 222.386599535
246.921346117 343.970978429
144.555382778 149.883832486
372.7412994 369.651408849
352.835583734 261.239077845
357.580871492 356.700245024
256.173261391 329.449388498
373.292301212 145.452802635
143.926054042 308.300187477
239.915155526 372.468356595
276.07006673 164.254184815
295.698506403 138.517918622
189.898159875 245.995513299
176.189220445 281.407685023
285.067519863 298.80907809
266.017055732 161.704399339
248.297243032 162.927727439
364.807472195 264.753089244
265.270524287 369.978366024
217.859797734 366.144728334
289.267000284 371.456430064
348.672191184 333.241380532
320.828217438 232.162313162
186.77152438 375.139068239
144.386276689 140.414553302
212.772502286 169.611815299
375.507869575 345.429415799
138.603164666 242.978674999
140.847252438 156.450405124
188.432028936 246.80732332
251.350693049 179.635460532
359.455288496 375.386932326
350.860410617 336.363958879
198.630746927 350.242033595
142.527220621 227.346177718
198.621512516 362.346977345
276.873772692 177.256960298
353.66150727 245.19555442
140.476923965 168.772465677
313.846184479 366.395152254
155.512647089 149.473061001
361.29902954 362.619108709
140.685948893 179.348352309
277.148968026 375.484413427
286.314434557 201.49491128
335.185808762 343.860295527
247.153591605 374.705273217
235.727610314 358.904933317
327.656459902 181.834469398
348.160246135 143.048053677
361.28158607 263.945228641
258.179514988 373.266369706
226.030813377 158.207047175
191.429248803 349.177186725
145.153894101 203.600206357
176.96470753 199.87792331
374.252244074 299.86624359
328.351361473 139.287339611
337.607551938 151.238730203
168.908536587 260.173295027
168.414099405 355.59651231
231.433007872 234.689678275
242.508075675 352.504745558
239.045113308 148.394065213
373.294133292 290.72638844
245.995611376 369.608386129
330.660279492 363.633572059
139.080665928 270.62721043
367.378933049 151.686984667
237.579048088 165.19853433
160.949522426 349.412964106
138.991241123 341.663272269
232.344140992 348.915420232
372.812583947 345.538398687
140.953100307 350.633829527
213.692444854 162.50099153
299.302917 355.900868286
222.843703987 167.916743336
228.035845495 226.024341795
212.043478427 287.395428632
335.766344395 275.838869907
262.216488959 157.045824535
211.402040441 287.478148738
336.628268586 374.815912138
139.732775754 370.994736017
140.559171354 143.188293571
192.063390261 247.830427447
236.239763156 369.058087149
176.192331113 269.45977664
194.279830296 198.768502735
168.12246098 369.223162158
308.023613187 361.841764848
166.694553855 370.311720885
375.038728122 292.308597274
355.679656379 334.432210958
138.594882344 373.220722685
295.543966125 142.770071759
154.65263446 175.393422477
374.313909009 153.268673725
370.098231478 167.785359507
309.738575327 253.984063078
173.308588028 305.348238457
164.870362339 172.088562613
190.168900953 328.824616436
241.709720769 374.208848466
239.116739775 217.578778668
210.272314059 321.069950996
143.813289364 150.638520776
358.460998825 212.591585125
151.597587762 211.402435193
216.648543995 230.734651917
292.705298114 209.305299169
356.623529234 316.752396734
272.763764177 287.165269985
328.798476047 359.90770541
279.388244096 350.471331655
360.364958608 170.047144558
223.170743228 339.650827085
276.686633485 336.801728214
351.165803533 285.682710174
310.091107477 154.893869776
315.125733308 155.404749935
149.475464912 307.143963929
269.250197427 138.576453246
230.798446648 374.227694915
274.757117885 162.110954095
283.426924858 191.085962076
142.590603373 331.952575865
224.621756733 361.692973582
148.784055186 328.479936626
333.20972672 281.000369038
138.664861815 331.525654989
265.091676485 156.220153027
204.078515187 173.743469284
355.050536541 296.658718621
329.513866211 239.571273149
366.709760647 302.837189595
286.476213138 208.595367017
239.749237895 373.193708279
239.644070678 239.189991407
276.766417241 348.172131909
173.917104334 367.3532757
240.231137142 142.452945351
142.133137555 145.934686916
338.756581951 138.575913714
305.00956423 325.140654165
373.797702232 150.648560181
312.356085807 374.687862186
374.680959671 232.565876203
339.651350085 204.5201378
360.75852448 288.413318518
349.885593725 234.835342138
138.802102132 270.009844729
138.963322702 305.275572527
157.38696349 211.757066867
175.060906086 320.604913553
173.35043051 358.4516124
303.241095352 139.991711603
313.445120392 197.40461737
208.772422043 209.693492711
144.157137843 155.157188982
361.885107876 139.8537105
334.768517042 165.22608063
141.905644709 152.53380767
325.996773124 367.686571867
295.669925298 317.507036969
337.301188171 340.80096695
311.638820193 139.398244049
213.429486737 138.694643236
206.600699438 366.794235264
354.26652212 138.576794061
183.579781177 260.659511685
140.803716469 144.431391696
269.785238854 237.93198116
357.60895351 144.897891858
341.665813649 145.513000413
280.805676357 365.611792598
233.780135254 371.684310787
334.160987669 373.885260864
181.323638266 228.465841786
188.207073658 363.952020925
138.540225858 327.868283109
367.738561596 181.994372348
369.947646416 198.851279863
139.627416061 196.034822
292.177681589 138.510725935
375.280841179 293.115825102
299.372322674 298.180660459
334.76849405 352.985523827
216.972984682 233.474062075
138.504658209 373.553291319
318.589758131 192.864000497
361.055422099 280.90146907
293.097531715 278.665705604
333.627706036 309.730640936
360.289009841 240.297124522
339.092061178 152.921359742
307.784667621 187.065563658
184.130447068 138.929740535
140.075758066 166.642756405
166.450111239 148.363157831
366.019568286 355.537653107
189.574521393 176.275092048
260.454033679 372.260606472
279.422383068 146.194852127
352.495046486 148.427661893
350.931091028 189.807582967
350.162515138 332.734428612
310.66597523 367.788495
298.970283145 354.809182812
139.907385031 224.585071568
363.3914409 328.268789489
363.469331372 375.404752797
336.15149288 234.909836593
372.440590994 271.225990799
346.123820733 359.411512415
178.60861997 300.496111712
314.002268319 362.092533677
140.171788396 330.711942192
209.832669886 373.279651734
260.923035681 326.110463674
207.496398453 172.885491395
285.499476455 370.475764403
185.400743869 140.108500719
163.756155007 287.480957497
242.64183844 235.141239549
365.648316751 158.803217797
252.665114835 267.069144503
273.398240077 328.219719258
198.332016351 138.528803473
175.599366257 347.471516183
305.42556692 274.278272556
210.498574336 367.943526049
371.913340307 373.81150449
158.177340988 355.400380858
375.064891962 328.517939022
337.419248956 208.388718413
138.534568966 228.665702861
256.386869591 371.490326721
363.150280981 336.992970068
373.894026477 348.592047879
186.886049183 265.081629745
189.993490774 358.597825839
351.216073084 232.404678772
294.3938462 175.429920841
373.095321334 374.170289284
181.678207493 169.814380477
305.924821855 279.937207166
281.818809576 275.987673941
264.45712085 220.931738869
375.469357788 190.700798328
263.49719329 282.38243884
158.565394852 341.648173833
235.489654851 143.644243239
145.716999217 334.247456998
175.416071636 355.161219685
350.709176534 322.743427329
277.110569527 375.275316161
313.420259396 364.6384333
174.135641858 146.291118603
218.749146677 139.247158352
339.293068602 352.913787867
311.493804612 139.352642517
183.746875158 138.935870782
143.113912015 208.193823345
219.722221203 205.001967794
151.34017644 140.666921952
356.35337633 151.443600875
221.27970706 315.857843838
368.209120083 220.182502535
191.530372644 196.432347618
225.184713774 214.560070602
355.286745874 375.04816775
309.418296919 321.759640914
324.385930387 358.819802529
311.16785101 322.409472414
161.686741524 138.542063165
375.447166854 177.220946143
169.265775399 281.871396736
249.109271059 237.611849331
248.47346941 366.206114655
329.645848971 373.66732408
233.871647673 161.138644034
271.029912019 147.556401517
141.701292016 139.251731185
325.041476807 214.911325996
217.232147219 192.499028799
270.724258034 161.502606159
350.116603738 367.237455588
240.216745577 364.629510023
337.291770437 167.538626267
346.743156046 370.008598109
337.246273731 255.366386179
247.263609258 197.566986093
221.377755941 306.007723901
359.308198684 162.845478574
139.387626215 326.974955809
200.310585948 201.715526647
372.181858783 173.531351633
184.27450225 271.381615181
138.71955467 357.765668807
298.717299131 138.513720151
155.261993679 359.404464544
341.2852602 156.122182581
269.347871637 320.795966824
331.33899203 151.982522729
289.898751992 175.505890769
190.844663967 373.227475379
288.643301238 277.541520199
234.953587884 165.185925489
365.33084511 370.887372822
177.597325739 300.430789623
297.491836956 151.375348086
168.350845956 375.201417847
348.40997171 343.172368489
374.922554373 174.957690092
373.106659199 273.685603502
161.556195297 232.378191402
178.804072083 168.147598201
143.838125867 250.392444236
289.099489641 152.718506177
347.813337272 316.511308259
138.511080412 325.757736699
253.801510627 264.364836935
147.804572099 140.539338868
322.707707838 297.594671295
332.837898685 351.650566703
212.901898881 352.892804806
154.8147345 372.64853464
206.706222484 369.301969574
374.560759349 249.151497567
139.975068592 281.79696962
375.211471525 237.931034563
356.955072069 150.786339644
220.798052649 360.505688677
336.666118006 338.572165548
312.718329475 362.072374238
147.402320235 211.413534405
299.108216038 288.235543498
331.228941273 235.417946262
293.465254362 157.93508135
298.117255059 170.716675403
222.865588621 365.669347127
286.382334441 141.539532403
151.859842222 170.922536599
330.793203178 234.350048235
292.939040576 176.211693546
142.589739733 322.172844958
171.10567673 367.848165424
310.616633492 233.131841944
375.236827699 260.835268778
354.438953791 299.433809905
371.68865362 318.181445521
147.021427453 264.502648831
186.600340362 355.482252763
150.289381989 296.078014956
342.738467138 139.382433303
190.506443372 197.827594553
263.233292527 279.637906215
168.533372354 223.629850503
209.685397052 345.667842525
360.068577478 177.059526028
239.35695309 310.575066831
266.818907936 337.804806405
326.494574619 283.198051503
156.131132544 185.887905217
360.535454626 178.241112014
291.428373076 347.561886827
277.812821914 138.5183795
153.665820373 336.852920819
150.320363251 212.457877652
354.378907685 325.657053222
307.943389875 303.86573002
255.372891278 195.169674442
218.639968845 265.078396924
327.959794016 146.644457459
159.113730892 282.727265295
370.472972052 226.696561655
283.322715436 338.413961975
138.618489541 161.687771338
231.405451494 334.418546668
303.837335846 297.579310727
240.274326926 140.293418667
156.034522995 357.164896418
283.661846916 374.250229361
372.27794632 144.281643249
345.268593444 296.848146958
272.327200241 332.815173703
278.620434655 232.150106834
318.987741544 344.095779016
374.739750158 329.686547095
374.161004368 138.565671273
273.4347157 217.890744296
333.435636173 355.138366606
139.381285216 364.316823797
248.892465172 141.679853414
254.926836565 231.717204763
374.766163796 141.959564125
288.670876614 310.90445827
217.395283001 138.605954556
304.954519149 267.205360127
151.378024393 271.986732669
293.796274777 178.40046405
313.529663516 366.002842282
373.227837532 325.003401289
375.320908996 140.896504579
238.941099904 352.82583923
342.501626399 268.385968023
170.068532806 183.611309236
333.845422521 201.431667198
294.82769863 146.640322916
374.501424124 276.168976084
139.142793816 320.212452121
308.79380174 236.753561297
336.818048981 371.630739776
371.295206406 346.645785723
374.28725605 150.702102349
172.407609724 374.507648361
371.41315935 339.563285227
162.546761003 375.266932302
141.770062585 321.731658426
351.182292563 257.148660716
301.039636046 375.337046915
322.853675164 349.019557879
310.312448628 148.046025959
364.790827701 325.261937716
237.63921859 227.0593324
374.032279531 203.731680709
259.80966479 158.631721896
309.263717322 266.575306535
357.953180942 158.193774206
355.097913154 341.622625986
329.536831344 355.72582091
192.482492175 215.076480425
261.253459089 246.287177124
222.530064206 356.785376576
156.16786721 139.412267338
253.890905337 228.838678518
292.914675158 251.525439513
138.575053296 296.12106906
362.939126425 291.938885547
262.88586071 140.046686692
366.881900053 346.170149204
138.513594844 178.502114275
162.056721928 339.119495581
330.807503676 365.625913278
313.232563208 273.102161651
140.80662114 138.920416712
370.861104893 140.190130578
173.017348924 141.375867584
319.472742459 367.062154271
139.588128779 311.485778022
369.217223309 363.251259191
374.806038348 320.010029652
143.189263321 317.936332819
368.391434716 225.33267548
139.168192652 151.457092659
375.474265318 211.814001831
373.74769086 240.342841623
281.618909574 373.346360026
172.01748493 375.378229014
196.428409655 180.006113195
167.322767715 371.552759297
341.588866247 139.594631643
150.356945091 173.418599291
155.765613593 229.807000379
354.988624391 373.092309337
199.584281098 210.164198355
371.630700236 217.473196272
371.661011692 161.673807092
155.064647525 182.14116535
373.040926239 148.703336198
176.110398529 139.423047094
152.850925136 220.854941554
325.795524263 375.382675639
208.478092846 208.427896641
168.161381218 326.218471747
336.001763227 370.42559525
168.672297819 160.270118262
356.18385584 290.899544963
172.197633122 302.883713629
210.477753317 258.226305602
242.813425365 140.92291084
160.82810882 373.529660724
338.223976472 190.007222778
262.593817239 371.070887628
219.475801078 240.442682113
298.306959431 259.207471245
260.746339328 152.816279363
153.5148797 200.222955683
144.518907701 142.587925595
204.626714423 273.423268385
369.623416885 372.905026372
187.703701353 182.695244233
139.439241439 349.499042176
359.410779973 139.061117455
138.521732329 366.311003535
328.530630973 146.676094578
143.038563549 372.177712169
290.432041762 205.992552454
364.449289543 372.110078268
141.968329166 210.817600775
355.397527344 199.584161515
219.386730924 243.699411163
374.608035988 143.999508275
142.839885578 150.384798338
251.206036638 294.529492567
263.69288731 205.026591171
150.438313963 316.966231514
253.241096453 359.383222595
351.263229024 260.327322303
221.868001843 149.173957893
222.384969711 183.19020722
373.346531333 261.587199785
138.553113906 138.848744814
152.90844598 310.117765243
180.082115631 362.759039575
164.059822523 140.020029144
272.799912061 216.657852046
190.479990383 167.699881992
161.239515875 335.566860696
172.137098031 333.422478387
308.992137841 193.523552489
201.167709604 373.711478605
181.157499742 158.323577554
202.109841357 164.128724035
241.942328714 261.922190281
139.431221195 374.751139692
344.859606483 288.833887145
370.812106363 248.587460253
359.997329072 264.433703216
138.964459228 301.568371944
139.569937123 148.830923681
229.202097665 228.41569454
371.181371256 326.588803731
145.359830498 375.065861315
207.681136276 164.716545337
143.602417646 336.904488696
139.010769195 368.265882803
155.233080443 360.301987297
236.004793014 314.741303423
366.217928422 363.852287141
221.002297859 373.936113724
213.895235168 148.343879271
144.613723677 372.80728167
306.519604393 264.440513536
138.813292543 224.571107754
283.788449398 340.735620892
362.954484902 311.151318043
193.408921671 282.469605868
229.548544005 371.223118537
292.763975635 177.936719557
320.136943472 338.571943317
187.793046177 186.941240777
138.907878899 205.137455229
300.177188943 373.299210752
333.201881826 375.378754571
163.649331477 351.439843964
364.907049261 367.728811389
187.389923541 143.018770215
153.173838664 143.143017544
264.808161801 327.100292524
375.361513964 236.482740281
340.241237166 156.39908322
227.389304478 195.391617775
138.504146068 334.757179117
174.15515031 356.404118694
302.790408221 375.422580075
281.633217601 371.48814931
144.214031365 140.437424809
362.72110191 270.703707391
144.444047921 162.733868919
344.92465544 319.581338223
141.951290282 210.021888436
167.763911505 342.627556439
175.416116706 358.454188662
235.623186019 355.432349835
373.693402232 216.827431448
235.239755229 371.984688524
295.258650111 319.88539668
267.832174567 223.747326918
283.892619526 259.218208534
140.048721763 238.127833051
245.970115378 285.874489425
217.589155991 203.236024979
197.406086448 169.098423872
365.445113277 216.979461712
167.454161657 282.894483026
356.96131984 155.930949823
143.367939554 316.231467904
347.065465139 251.512671162
244.361866551 289.832802277
146.617272849 345.941363716
375.31304943 234.901236932
368.414654709 270.061727113
352.73330299 375.291132595
138.968051435 331.888617349
160.526107036 372.130040877
269.912385518 254.293606645
367.347671761 208.395960694
191.331219787 269.005145648
374.970101149 375.37982852
353.298374231 305.292050262
138.553541246 372.395324264
154.475377618 142.226195359
324.639388083 375.391862594
270.104301618 192.976762353
156.918320054 339.154281671
208.922149227 141.267335993
339.562757222 171.532205968
167.111652851 191.980375964
156.381442883 371.856610156
290.035535144 346.599741607
375.302454818 149.041060922
355.659057496 246.540494046
145.339560718 352.550867489
219.117747721 141.629602642
363.585419347 228.204039722
246.50043437 286.158606208
170.361372504 156.156634899
372.780630761 154.304377676
333.359125521 146.754328251
353.21344456 283.725806769
147.994004229 375.112269357
175.625437422 319.196400284
361.643290989 375.290215439
182.403680818 152.202324206
160.625381321 146.193250801
221.215208285 277.41083319
370.120536903 375.267191659
187.263304084 284.15754344
375.46480526 207.613890796
208.578962956 278.197170654
368.391226608 375.416847259
316.20385854 194.743037821
330.707542944 372.437892427
153.828929001 234.85035947
366.125779159 200.115864054
225.788827648 277.108907005
138.747671712 247.178763757
264.307896247 228.420434757
368.150764544 156.719628075
212.810527524 205.585580581
374.65114307 152.816658831
203.801853829 241.176752123
220.566797994 188.132889671
158.976607867 358.135926822
328.240763477 207.657999803
206.222300561 337.312034778
289.932670611 346.881560869
229.202476823 138.633430681
233.818284282 242.930783373
367.856389876 347.822685615
139.438096511 152.444704866
356.702031967 204.073308309
318.13995526 202.227252363
140.732262142 243.788176335
318.716009054 326.204570516
372.347658857 367.828411418
195.175777616 239.673691397
144.529956874 149.336135228
355.279494111 363.880495079
156.116194463 184.771053539
360.536545235 375.103566642
365.088699668 213.466420466
343.434523959 142.549806386
364.178374586 161.58461098
374.455463694 375.483645953
159.824436108 218.231053438
141.784429772 251.089726071
298.506866647 173.908301502
240.740207456 334.183479396
278.049992563 337.195159401
278.837778227 371.989069118
236.693569261 149.063563011
168.545074169 165.514405647
373.495424848 243.907248086
374.302396299 141.94988543
248.019048086 156.251639424
276.033795521 193.417474005
367.498318801 138.923043039
314.320246973 339.487352329
369.765960387 302.885526988
370.78266728 370.413844104
143.439059405 372.237140289
201.005085465 281.642609691
284.155058066 375.316279973
372.536341842 324.106116337
332.435984958 140.054818745
220.953247263 304.53177681
299.132690951 325.324389228
139.33124793 350.846117852
174.944826357 276.841871479
372.660143565 372.978305557
154.5269818 153.061847787
141.607982885 160.400585555
151.266137564 306.049268358
342.413277376 301.018053487
140.227689315 146.404711722
221.880994253 152.103565793
372.37134866 158.708364682
242.761401073 171.607534896
375.213022594 338.744508199
353.053180845 340.429384843
151.982319708 156.984715363
324.777824054 249.920849995
141.193449821 145.077124328
146.634327748 233.754060048
314.444078404 326.559388235
183.315127084 154.332368933
329.388599471 359.486426679
371.475215028 305.898697029
145.754703776 240.05432613
173.114474655 322.649796092
374.977801074 270.99726256
138.911706531 175.208997036
156.266838393 375.238751414
138.722448167 198.423814608
310.027908028 358.510937409
307.243295872 323.622444019
250.223026872 148.308284966
142.446594717 314.905790339
330.065269175 349.579115787
313.654584486 232.973537285
225.616153265 374.857200451
315.395877174 209.731868522
230.426380207 299.144988506
175.807372986 155.550807675
140.362247579 227.480341614
180.913799535 194.00610866
285.657994977 188.717545615
283.834919675 277.006878884
346.300443064 361.165397979
374.817801275 176.222990853
199.589707113 221.077698107
178.230943045 153.459741795
148.696383006 362.20325939
140.625654921 221.788463335
351.014875355 300.698110619
258.024415991 363.412902204
220.658064405 241.602783386
139.26500706 159.353927456
331.271256621 166.191619218
256.401130848 325.689658501
245.664329278 200.991125593
343.335487419 277.844423977
249.724980561 347.402244591
313.490949221 248.779524557
362.710781341 279.573899133
160.996402144 316.801641967
182.0524195 242.882613955
327.920925146 207.850504441
179.372909391 284.680855062
259.227056567 365.388768749
368.559981052 140.811491096
322.351536521 349.855507699
368.53783224 366.480478103
146.878449075 157.893640626
281.795582468 223.86259894
285.02371174 182.929488571
265.194533537 220.779401281
184.912567736 252.542493206
281.91012096 209.523261374
368.493050614 138.678708208
140.785692047 249.582216847
370.611058313 141.290169597
217.420670114 166.361315084
173.001565209 206.197232463
373.8265676 324.664983048
203.173364232 152.349283052
146.435555837 201.896942219
138.503659429 325.602009181
371.251242546 325.537043306
211.634201063 230.846968681
167.427333384 261.195510618
139.11761575 157.308793494
195.451280012 370.095757865
232.780234888 371.758175285
139.667157866 296.442348526
196.658397465 143.908682624
287.320305626 206.929374688
139.010414868 217.524916228
348.462251731 245.387634546
319.89350988 138.669199934
163.316543947 177.239497124
333.183644312 139.032696926
189.412518783 255.224573199
341.328064402 341.938341731
193.764176272 310.95855857
138.729648096 363.862937502
212.208112854 284.58316532
151.184265148 228.18504519
148.52633034 238.000178325
297.251646362 226.402639718
358.557677073 370.225474298
287.084097547 140.133068011
354.514319702 152.971766561
230.271859673 138.548479683
227.213466961 287.69793165
220.512392375 308.962774301
370.630794143 147.27362076
244.415645114 265.745695183
159.840157718 374.697662441
176.527152492 360.836106344
347.036638278 348.400070596
149.533553622 218.646499199
184.444200503 183.928045381
359.470748101 166.191913699
375.416061169 161.771692947
297.694146845 275.718571354
227.588446558 268.596885595
164.495689903 265.0140074
145.240800844 293.829423414
177.794813771 278.00237267
259.514637557 165.77370092
207.375278541 355.864840046
375.364470789 155.171635174
239.776691608 159.225465445
359.56014347 375.122740983
372.992209598 332.130454386
307.043371236 191.445975982
281.362838859 361.694782757
344.575603175 342.172248732
326.939375453 138.871090598
138.578960892 143.479280734
375.180445684 165.520995949
270.484239361 299.407317873
146.217900453 138.507271537
371.916515346 365.490142005
324.561152975 375.455049851
194.069144103 271.013137863
138.556741199 284.916424485
366.189506404 198.469618473
358.790086601 158.855989649
349.761823349 316.603682791
355.539253319 369.116303033
149.890704407 261.567768574
281.068194998 195.51940692
347.132023488 167.388412228
139.208797918 264.172076687
349.801616503 301.31085934
345.531145693 320.894034914
357.783585237 187.744379806
294.208170825 142.556686323
249.424225471 254.581467357
139.62377415 323.832832248
154.015603964 374.347975746
301.554878069 275.347791551
171.035703627 352.875698926
236.789476275 144.005150737
178.171228571 161.566123128
276.903622512 339.562142702
218.977113925 263.801953816
216.645106422 150.269502638
253.313670083 146.252456144
144.128700367 369.605487589
361.527778358 340.950978702
329.989793569 181.678204595
139.962941446 347.636601855
277.057851565 368.165401371
373.526917374 356.935675074
139.050175676 287.567043641
143.579851439 364.895457049
359.096937799 236.479428563
375.215665141 241.054341545
283.810063022 365.095158927
358.46299562 245.936779017
178.502128374 140.72347562
370.205332309 138.502887772
178.587109284 303.199438378
304.862436615 370.73043621
164.516193892 144.394304652
328.139243568 301.1744152
373.022848179 228.059219679
198.03503982 193.098277859
373.100897678 202.995151966
374.3819155 146.989106872
139.068958993 161.599288367
213.348583216 372.152755224
197.301872615 359.046794666
153.062281525 149.565922166
138.59356698 140.154557669
173.141592785 243.678044384
162.090066804 145.641210285
179.274566093 228.623984969
138.681106168 337.644909504
301.320219802 344.585566648
262.13262171 245.254772709
368.18728884 146.3887713
371.523790321 375.507985495
289.792029672 187.61863783
149.032264968 271.908282858
371.371335361 319.765113033
371.972945421 221.896010871
246.785812078 212.09335852
266.523502249 360.771380821
316.947800758 319.313077831
142.499456342 363.158245683
250.03085202 199.112421713
315.825889868 159.518069663
140.58415608 192.176585464
308.001812674 364.567312935
302.541018301 358.070389047
238.787276136 302.036145444
222.26823519 354.569614082
201.199650097 351.292023203
200.852563477 197.037770863
318.301677698 278.740253825
162.451074633 364.285260639
140.361633385 168.642066398
172.230194933 221.879808754
237.391004386 286.057780247
288.787313968 261.861639449
373.592058688 273.322067134
244.100934758 180.286806832
375.47063743 322.762215139
288.384991687 291.080514543
224.894823393 190.977824102
149.44756362 350.996817849
164.357514419 336.28858508
217.18920378 194.651963996
318.567212972 324.548613837
165.772894036 253.770189358
373.392151946 138.907319046
285.765581289 373.22959102
236.400100234 293.308973346
225.50868256 375.506526299
139.824240612 152.952114729
274.669340794 190.319696252
217.767104382 316.471683004
143.113395111 226.818952006
154.690779552 209.831271045
159.288582984 211.969775489
153.924598068 198.222821483
337.101661526 151.113522574
140.507240036 188.134004222
355.82352693 310.22929667
336.831411593 159.82130948
174.257234684 197.487351228
222.361801064 159.504552357
138.561126341 159.672586416
305.527199332 149.731310048
300.143097277 319.741209126
337.961683383 310.076894906
140.569395413 345.227660341
284.527464347 317.782503328
296.482658028 268.376958104
147.585521275 163.560140682
372.916517093 346.60611018
373.62146247 191.147426871
175.860932925 358.820784909
163.080161002 373.333603918
300.164139357 143.367878762
200.524944899 149.273193631
140.06927441 198.398809721
300.071824875 175.048276869
356.704209222 139.885483837
142.514612113 147.927472461
363.500769875 251.516437358
138.593079584 362.787975936
140.570856495 249.159521379
374.415005262 372.576478091
139.235140406 286.326444062
146.725658676 173.394692639
221.506861803 286.970930318
180.9418731 327.626571652
173.380403927 369.61067088
138.530969566 337.472158544
151.589006197 369.791319103
352.039079018 140.340266802
357.64416565 233.761509104
214.339656312 321.098544541
347.210363825 148.41457761
184.321828436 162.226684477
243.874756468 326.637910422
138.969357684 364.725209072
240.597549876 200.249874133
248.264322891 139.096167238
282.304059608 168.017822071
348.849629579 198.449538112
350.788295742 240.283605951
270.771629 372.789137251
363.387620149 147.925189535
326.008266927 138.51392503
208.75585171 338.275359553
138.782675314 373.537432582
138.506416591 343.679399024
337.524537046 213.714768568
195.897105903 139.509144217
141.598394583 140.572688294
344.840656735 172.508667436
317.949189253 139.149896861
340.729234712 350.257438521
284.900795076 173.704807314
243.386910248 375.410621935
268.527242492 177.994494966
278.773326447 225.074077638
143.052515737 139.590758496
348.57418421 308.142544511
324.078209799 331.815627065
197.399896652 287.816902006
138.567169759 195.678738063
266.097748502 193.513015049
206.552930118 138.939557955
143.903851818 155.500877048
251.394866856 144.337857624
307.397471446 353.624058939
241.938160261 215.127244878
138.504717126 373.576371679
324.779616935 224.602228505
141.033462097 281.542427503
325.444777631 372.289676103
236.441638271 139.280047388
306.844648789 175.119271781
299.472128718 366.927563411
140.211766471 322.711850592
364.028630559 374.498819243
147.918135676 362.836500889
221.171489631 374.243449133
260.565234521 281.164356469
352.211520236 374.872502846
229.269691601 267.133135494
297.422933709 138.900191057
302.948713329 352.162710463
138.503624436 185.676069783
142.043453689 166.283450741
356.325454012 256.019914919
374.040820041 185.87824627
154.859177793 269.484893176
302.911286888 261.616760876
342.18129008 139.331495243
349.798846282 299.00642649
336.907131058 354.036097337
315.237321012 255.772241118
185.610841753 249.04399187
355.558361266 138.518161747
244.400572939 299.185913517
186.270528251 368.617080824
190.702664003 361.334966061
186.028759686 151.019281428
335.377269607 223.085903816
309.738833348 309.811703421
336.797121817 358.775624113
227.401277761 260.446048031
217.821879445 374.047874146
294.56223667 205.293126944
370.237521251 338.809288231
339.053877634 272.238362228
275.941111059 370.847228839
368.964499903 150.46176474
157.654288437 192.329991343
171.52678345 299.510179809
285.77839794 364.236215088
355.266738834 138.671746165
167.914918018 236.27890313
151.554542722 372.367942155
161.748385864 151.999443031
362.942146656 233.711714284
214.531588576 157.401933731
173.588095161 301.949191724
341.765791466 358.513516058
283.483606162 321.95070454
139.619304516 148.166133682
263.105876504 156.826470641
295.873875304 167.339296139
141.402020272 250.687258303
205.596757159 347.568456952
367.358362747 162.207799232
140.467381935 337.097478854
138.793618887 356.488714399
264.541351678 296.376581895
155.430193959 251.32735199
138.653777981 142.755108729
140.257529557 323.797092837
212.244296518 274.72930252
186.106049436 217.048136265
351.922665454 177.114298573
345.810712739 140.039269224
354.632928487 216.365962965
372.283703872 375.283695885
254.928342273 139.987901975
368.251398295 217.667475608
375.141250173 292.331672219
245.365622552 157.100170412
325.052465288 183.262153955
262.737176633 375.376598182
273.776806538 361.238176606
260.348160689 141.239186331
139.411547646 291.148249458
345.021879958 174.148955963
334.943574686 157.219330184
280.089321412 347.333048543
374.570038276 204.293907797
283.153691266 245.378048272
162.775024324 227.619179327
217.534135462 139.738114416
364.005866612 144.428083552
142.410744 161.785362778
302.927584387 139.712375125
314.063271063 277.87234165
139.100286427 304.015879017
362.950881649 349.636800085
257.332686353 200.847009999
308.073444887 153.954594494
143.984074583 179.973092892
297.075357333 361.045716177
148.537348044 319.025569245
143.443320363 159.1953258
331.37154774 336.70643667
162.981238563 364.77260768
372.073431399 310.931065599
197.43627119 200.879573292
360.735114935 374.31164584
368.771149377 192.91944011
162.245303145 367.590663644
229.1896398 313.524363124
272.110570881 330.98528963
290.540749269 325.765467698
370.489483025 359.98257721
143.797652708 263.19330349
144.712703799 159.045715116
156.537933188 182.129600817
273.248836448 302.919834414
249.535170554 325.347326585
142.908043254 214.420315133
331.669559583 140.361767969
139.044593637 362.620702158
173.721347713 138.505943643
282.078622037 317.325518688
147.848049785 360.653425575
159.785968856 375.499602784
144.914418686 191.647245922
369.480932072 355.2058632
374.408360394 167.002450646
198.301721116 375.451038725
355.135298119 176.059579194
341.383738853 208.178460736
367.712478352 329.501957835
348.315246765 266.885586262
239.438436453 374.829740915
233.018939088 210.623948126
138.509462882 150.892074864
144.399222364 259.395889465
197.934393679 280.063259386
163.026652301 298.743944979
219.684081527 280.00084211
314.201103948 155.417016313
318.595544155 234.744122461
347.776481076 344.764391608
368.709038628 155.297223921
364.249035565 139.103979337
352.577438017 172.508030797
350.570909737 181.440984838
367.190639594 367.350629994
185.423176029 192.182165965
197.414317373 352.195067388
239.270519817 352.102048096
373.975682939 141.508269657
345.706419197 318.071136367
344.192702229 209.090796035
235.57250936 149.385579187
367.0681241 289.633341775
162.333522524 352.017458875
328.228541303 138.827852487
336.310113873 363.567084842
263.17872454 375.498570273
365.329419226 365.870090966
238.154716251 143.719019686
157.41463936 367.789911734
141.318751434 375.226017854
143.913980514 209.274537214
369.838404382 141.532409244
374.546166262 319.827419971
155.726024494 194.960584842
374.938890816 282.430945283
346.064648343 277.847237811
160.655811517 142.42670093
237.083687388 348.516788028
354.404701064 162.296657836
170.019541485 278.408941331
264.977326534 140.279271528
141.419988582 162.160272107
373.819102174 272.889340444
138.633493573 374.860700103
154.78224375 230.369575296
372.423588603 370.370292544
302.375462415 140.37216167
322.205231184 173.002048722
176.142560726 322.539954937
188.614447519 322.465446106
323.911489387 211.589256377
350.531514775 142.233939326
317.474253896 281.857058557
303.157666579 201.967964089
142.776783777 319.670217939
202.055362587 268.77522816
168.555301913 267.526278613
299.308280053 372.354675509
254.752643318 326.028951283
241.407810064 191.24669631
338.363024906 153.673003783
374.172921459 364.930985016
146.861254086 358.776363272
140.80957373 363.039798112
139.764564624 155.743882655
350.211890898 146.88873791
244.973698355 235.507219622
145.49781416 148.831363429
289.621455276 298.709827756
300.26669304 179.889229148
243.108356435 293.163505284
141.293727132 350.546064211
347.158402222 223.102001295
231.8040942 148.211066047
325.020258132 349.170145782
258.72287844 140.376011127
369.976288642 160.046103839
153.30960312 272.15406383
297.451066194 323.412152945
373.301190731 241.958527237
219.241767707 330.342957135
318.763571971 164.687509751
160.853392574 182.118884553
140.372482206 375.208420663
242.479158727 184.533069877
150.204702603 370.9705809
344.43753099 365.639997463
334.153483 165.673961946
374.594168963 266.944315642
182.115966253 142.066953042
343.147748144 305.367802933
343.857987893 141.470596712
373.309906263 138.753350818
312.201096898 151.48072319
371.834639972 343.808318168
147.323705705 233.58272342
239.772330953 228.687294758
141.702227183 246.431867455
299.473111123 155.266889152
372.838798706 314.122985672
277.342160322 294.144277167
277.251430005 197.542266938
359.004306591 318.762451332
368.271570177 171.80906673
176.263448811 154.933278535
369.989591553 282.065305288
236.551920137 140.156838856
307.876046945 216.297718398
257.222290189 328.50701685
344.841672438 320.658494828
272.242411112 245.902796398
260.468741594 145.010957431
340.030662856 369.968799376
371.50855584 362.321055674
375.48507958 138.51122949
139.116440835 233.558127922
354.210770163 272.85709773
138.751638587 345.261446859
301.432260776 358.315575088
163.292714357 139.025542953
372.550785624 216.721016698
164.441103265 147.02506278
362.164379386 151.560532064
260.104345479 311.014013435
141.896798152 207.72039987
343.396521278 255.444911728
256.271464447 148.191475184
167.112428254 231.427900511
275.809219079 298.106645878
361.720386683 372.96013554
202.254600387 358.30987654
253.060997461 144.179484053
299.221721714 247.573340312
291.633128905 268.902396089
183.877874821 138.856723676
357.89707605 349.676738221
138.927431521 195.693406922
368.858656459 234.946973361
327.514937883 277.514348547
344.586486902 342.291187954
374.912904342 327.461773657
371.093880668 152.930728242
227.061033306 336.263679858
366.054480194 138.741131886
187.958370121 239.544691312
157.938058627 181.549113096
324.331517996 211.168284205
290.419104173 139.284748704
251.318694663 144.201191078
141.459007095 205.04227713
206.591971166 213.057536396
144.018526225 140.076743968
197.859052102 168.050429406
249.159196517 157.133236856
276.654190417 334.338422912
375.337011636 292.327445948
318.437631748 228.196186273
367.311685858 218.736614087
169.163490326 234.667676959
242.537760717 240.580780193
340.525595557 230.561821184
312.851911867 234.341552469
364.726387367 168.884749329
168.775959564 163.48684438
167.252460732 172.169936217
210.785743798 305.6653386
138.585980673 222.145157711
361.177586591 141.428311704
327.881553149 373.834836847
138.64735876 156.495811866
370.72008198 165.35220203
158.243977403 282.533726492
322.858139112 161.706781783
347.839786286 318.235101878
342.068131932 250.766679637
142.31989584 174.669720473
364.615595749 192.994251465
144.779589947 355.449946122
331.420516773 288.272890699
363.371102992 142.202689546
