177.118565111 122.894382635
197.072421646 121.63197061
191.227216148 105.930190824
123.364332461 155.772272895
58.5705731154 164.762021007
148.062938338 73.9028621062
128.809060633 167.708798705
102.461608156 90.0115069581
202.06786644 160.472477892
17.2297028408 137.791139495
198.067023594 156.939257861
17.6596148428 105.733789079
46.6743124815 67.0040010661
102.567678895 103.372444298
85.3929928423 91.2523535131
176.710620495 69.8676318403
73.6394960192 130.372949972
206.540506426 82.8839347221
187.396232638 122.065152501
130.571672879 121.474735191
80.7411566842 104.478954291
46.087510832 117.358700804
112.495198259 146.545935337
156.996309554 198.09069182
114.65643954 172.996405697
200.507954927 159.569511712
118.3256113 152.731618433
162.42936999 96.8556200542
170.431637831 173.932569508
72.2865553439 172.783889334
140.789130088 20.1249472305
93.6736804333 105.437805079
73.2124084056 130.515949708
85.5967514934 190.65928668
72.5196862961 75.5182601939
151.816434539 33.3779683221
191.574952706 51.6568372993
132.375889574 115.656120437
66.5493589565 198.428961363
78.5032376238 188.77664575
185.071929648 60.8711203007
105.26090092 99.9978874783
192.430790044 123.978241513
86.0429570171 178.991079594
38.3754986985 91.1160689804
118.997817315 28.0990236617
106.724770966 139.798868882
159.374868331 28.5917542446
83.7702913466 119.986991921
90.2424351084 180.905986555
157.45009889 42.1241249562
72.5642562432 129.366261976
100.711667321 149.031466066
139.360337412 94.0389260332
149.87017162 202.219280028
41.6258389294 184.815878758
143.019483406 133.853418758
113.479378114 90.53175406
40.4029796225 179.76735091
58.5021649787 66.2998472788
80.0891387089 83.6771497938
45.406016126 185.7808515
76.1844159321 207.779896063
132.557770739 131.407834949
120.115231806 18.1612356964
174.651758527 169.268654361
98.6634064561 188.161488565
140.962278414 92.3711680882
92.5101720098 128.574160627
32.3738790689 118.737848059
74.5753508698 127.988434929
97.0340237854 22.6223843237
111.443940786 111.807586969
41.7949231439 75.6198367231
64.9125124576 55.6699884543
97.4030897632 137.130182739
207.805632538 141.534513288
192.725314619 49.1018312393
54.9960660214 38.2400316532
74.4770476716 127.153359586
114.315008968 41.0802942443
131.001956267 207.453973171
58.9378267088 166.042450773
199.44726155 142.337496
71.278932367 196.836129482
72.0345480095 77.479852639
109.620441209 157.111986409
97.8350291585 153.81833595
140.057885945 196.205662086
195.094439466 103.306194063
166.612918452 71.6633694952
103.815079089 94.6493348846
189.920095393 144.636489754
132.848167625 146.127118618
110.178702955 18.5330982055
27.1124076355 72.9169263371
71.4525024447 188.940471283
175.917671492 173.916104384
177.856644627 163.861489659
147.411952667 186.347685636
125.955493689 78.4022674842
74.2174518174 186.797973084
42.3899642396 137.35129187
88.4692404512 110.59052851
72.9352522982 52.9733093328
193.665756053 123.904126878
135.240762817 166.133373974
81.1786287491 131.321415902
143.122461768 196.12238093
116.207603402 23.8183037094
80.9493129715 116.515544152
142.966117828 127.069419394
87.6723321606 51.7615649357
35.0376109429 61.0464333834
87.5998883707 41.1383248276
67.0139235051 90.8205616956
154.234806425 59.6395411859
199.866030317 109.31618554
104.440914398 72.9258817005
98.4774472267 50.7009112947
118.885407633 152.375738625
135.835143405 103.096447263
166.773978192 33.0036947863
97.8732687597 98.1937367934
95.5128254904 114.73325483
162.771648189 150.437343568
76.4230327146 57.7857876363
180.790293469 54.6457617295
130.194363849 181.612689772
106.683706419 16.0452222149
109.351395906 168.629280885
34.6199008064 51.5248322871
175.820620254 182.899650751
33.7046128268 82.0748429371
113.417611072 64.7152806072
130.181189132 146.176430874
188.871084424 163.807972564
179.03685132 112.218343813
165.085117749 44.0938108272
171.269003544 192.000669663
76.4759635822 197.302747689
73.7303348351 84.2715411645
81.7006991387 129.472744285
118.938538931 47.386498771
178.528303018 190.283621277
107.015190703 12.3841985833
92.3256563044 22.7629790722
142.799333911 181.839281724
104.665569453 99.9055826563
120.680380182 166.963247245
147.856869169 116.160493877
199.382236344 112.093153617
95.3640844552 201.158521197
72.4882295326 33.9919267555
91.2666569304 77.7875723525
74.0001844734 56.9067394239
51.7858675809 174.045267801
125.251031847 26.9606063659
156.299106495 94.8801866831
102.610960971 18.6496605951
67.1998040528 194.026902445
66.9783260284 25.4850480814
63.6999212351 143.34461953
38.6536207754 132.984849432
178.406060378 151.934027717
164.390410242 130.665346488
28.2143116446 143.193960308
128.963149601 162.830985459
128.211635054 147.918072968
136.175542631 101.910811433
191.180416866 107.040933972
154.493807791 93.7188360098
96.1174548473 58.9083729069
146.063989931 128.719519853
118.417892202 171.264857839
23.3446411899 136.853177948
137.696865984 122.900865739
104.778468375 133.525445861
133.014172181 195.357189165
103.0084334 53.2853402635
12.9203682059 113.32120245
166.296045542 194.420098753
27.3023410706 166.780033815
153.554355146 179.733223515
128.200279971 186.115785165
108.287058082 88.7857790179
75.4399881355 132.952108074
59.2156787207 135.206955965
55.6840631961 99.467726832
197.157586832 123.808736861
143.565120783 73.3844878645
122.725447358 31.5886607955
143.669288988 34.5824165743
95.3633543706 23.8966431899
161.586074801 146.272626957
62.8937876926 30.658477029
19.5600260161 108.732945586
119.152141854 158.754141299
65.7804409868 109.250329097
78.6782372325 34.6214814087
69.8016248457 163.007079911
78.4717786753 96.178597358
68.442061906 164.985415737
183.812935308 71.6825720428
50.2967325711 65.4655050295
96.9977741854 201.64104494
178.355761195 88.0340391259
95.3424759029 171.532705545
93.2823700986 205.296545384
113.491551827 66.8282881586
125.76375408 149.800453143
169.648906794 105.633546686
83.0068505273 89.0830989951
47.8762180377 39.294238531
92.4790491635 149.969111395
102.387538026 40.2067404448
123.617991508 181.806956524
148.653730584 95.791092617
76.6475847279 127.557124027
171.798920574 139.681681572
115.502242292 146.542963022
55.3693915313 112.603747511
113.460891257 131.383209985
207.979135252 99.0398722466
208.429140735 148.08202037
74.4974181377 58.8815743573
90.8859878119 206.978690204
172.589320831 91.0522578545
12.2945725545 105.773396418
52.7023983918 157.284530319
53.438912285 53.9483426463
164.145442789 66.0952568915
72.2179212281 72.0880959416
176.210407045 86.2746922534
182.453738992 153.88362118
175.856412187 168.68611913
182.180215613 56.2715270986
110.666687795 166.270133856
14.6504138982 122.455397546
165.399008963 141.180436287
172.60854561 138.063781467
161.145225316 49.8410485929
143.740060508 27.4708143586
132.44929192 83.2044704424
54.6167934648 170.414202958
74.5035056253 62.0688521881
42.519763011 99.9441518828
19.055737977 83.4601747943
114.013072222 174.877203661
17.1721522645 100.609870639
94.6427451877 118.792569405
173.872742467 64.931176192
107.883063519 114.848895343
53.4824798168 103.253184688
46.8848913837 127.166937261
91.9626510349 44.943672078
78.5053617844 174.565844515
144.768500094 203.746089546
167.598508897 37.6081902315
14.2952721833 140.543374001
69.9339393206 168.928617078
77.7631906599 87.7413572542
90.8490658247 116.277857546
64.0881762469 161.495397862
176.02199947 125.806530397
98.5048737189 50.096144032
108.275407712 109.794363694
72.663847604 63.9250089187
110.902888616 115.620528197
49.0472933406 69.5563102754
106.010598708 146.745981934
158.873209236 71.5592468151
72.1083079967 194.332571426
46.9581186412 83.9157416023
82.7329257653 42.4364289778
36.0936339603 93.2674139168
81.7839038526 32.1532626328
38.8667254753 108.459939947
173.685924192 98.2923663932
106.096797164 108.019905587
181.572735484 161.945341525
63.2675946812 138.103158209
160.85513478 48.3362047726
77.1606097625 197.670638121
117.834647282 111.64297921
197.619624422 123.744228644
179.650388523 53.6802117313
64.530860234 136.526099046
149.806138179 175.404862298
207.027913988 138.852122495
77.4255522043 167.619655118
147.653137031 22.3345041785
160.466972395 172.321520442
162.633237116 131.83279315
86.6506264811 80.7333536352
143.0934494 48.2667368772
104.799962164 118.340907304
91.3756338223 17.3478105818
127.873761073 126.290647421
133.483393508 18.3443170301
126.445564728 66.3313366127
200.208613628 150.981778444
55.8046196335 110.350741365
56.3166819584 155.054551145
46.273277281 172.138711891
67.4047077772 157.556539765
32.7733629231 77.6362904962
160.610646279 109.383288793
81.3815692646 67.4888056772
177.984966886 168.442205776
103.990719207 21.7294958873
10.3947806981 120.308520041
143.067532703 169.796674476
85.0070054993 138.868878167
49.3438852029 88.5020854626
97.1048952866 166.687984622
199.97479224 97.96478292
200.107323317 142.510652323
103.428526044 195.42982196
79.4629463592 130.918902583
157.443785821 50.827154593
134.825570623 178.242322912
145.590763379 122.103075821
51.2267774608 110.468039573
87.5252630471 208.060547359
133.392802783 60.2282644091
57.7499974485 72.0102854433
189.820140865 154.293655556
96.1574123044 39.3889890309
136.771153834 32.109883978
32.7936379564 108.851053913
88.3586932086 204.95419234
193.600697885 115.352975804
154.782639298 146.127268281
173.324966242 167.388255298
155.042569085 167.691060599
127.331186948 196.745113456
53.1300772018 144.404904845
147.359805741 32.284559757
98.5502664894 194.342903509
154.589699691 167.012658603
121.271000959 24.2000090543
186.202725737 166.808905143
71.6538577214 166.734115584
32.4777243066 146.856079595
27.1860577985 70.1526637808
171.746048323 96.886080412
78.0479357758 169.488312142
134.415635886 141.031562554
57.9827278014 30.4829517912
52.2668637299 179.974530167
31.2968182259 112.681238543
55.7635376122 135.056742524
96.565935119 78.0388151547
144.80908901 179.24603728
139.988557938 52.2109595181
161.231203369 192.891199001
177.483855859 70.2572545518
214.196420989 112.7144209
204.351751903 81.8599265
113.082548057 205.522267833
163.686064591 87.5955953864
178.794995991 51.7093572094
52.8899420334 174.839892013
161.120858547 111.950281428
109.760806921 95.2433785832
75.2754538993 124.847180494
123.144265613 199.548593346
125.431411184 50.5265047195
154.723051933 94.4643952186
112.297382228 138.869373502
41.0482911633 105.294056022
154.76090367 194.989980006
33.0213021176 55.2388077234
164.245886969 148.349517048
202.228609516 63.2825584193
179.329153845 130.20947413
34.4982937217 58.48552692
121.194252479 113.780410793
125.792140139 59.4615744539
28.5728013657 96.035609777
173.369126782 173.655539831
152.225236131 147.484575241
64.7425276977 36.3376734902
101.931754657 43.2912985883
114.60243889 58.1270091765
76.8570988062 162.250524387
182.822941062 89.9759960946
68.963305766 109.702963091
32.9998678012 89.8881275265
84.3720356377 122.884075125
130.557364054 208.412666499
130.555433228 47.9930441519
173.393069463 109.404534956
157.895305842 26.8893767483
189.261519304 179.063158859
183.244375758 132.380065652
155.01422324 36.8518384966
153.402494886 81.2590519957
58.9706512546 94.3895300622
106.345259479 135.298429542
68.9595653239 20.8934367659
83.5236423204 193.076392708
93.7939039248 126.001874572
86.1304841979 21.5230052791
126.044610451 55.4739176028
77.0645276287 136.558718885
164.400471157 53.9282449188
33.7554853055 117.934070684
60.3082327894 184.39719808
45.869324628 81.9549074863
42.6107712719 156.706824336
175.180694045 175.278756202
66.6747451647 36.4780232444
135.621643876 83.6561248832
147.019201091 24.9033659588
65.635032408 32.2731219303
151.902119332 133.235060223
182.391475357 117.22653294
154.193112315 112.827608196
56.739474629 45.2113959687
144.712910009 200.833863047
52.1444626955 49.5750371898
56.438307456 29.6030908072
131.273479718 39.1154613826
204.32815563 111.837717545
20.814368274 150.244035624
122.046639738 77.0956339015
110.964586115 199.400605369
197.930159002 151.335269794
117.099442849 76.3014448834
43.3823989452 172.06745538
31.1772649522 102.471833181
31.6749798965 87.4059532007
38.1463074068 182.551332081
142.252390996 71.0016223306
46.3015959942 118.530472507
195.902638623 67.8848920974
138.973341295 170.660574751
78.8802881332 38.079447687
89.9518537678 140.307932933
184.010039045 101.242201856
150.682949706 121.321236344
150.81456475 199.469189347
67.8052140215 63.4855081463
42.463097204 78.4118345986
52.5082183366 172.42688881
90.7484900631 131.112500941
169.155704599 87.2659427175
181.757469842 69.365522341
26.4507157877 126.11386012
131.240591619 68.460297615
16.1632999208 106.961094132
190.827588156 54.0250771594
147.680456873 54.3812247714
98.9331932288 54.0681323696
48.803839665 39.2734448639
40.5069079988 166.506833092
80.3962887174 145.561513483
48.3055979775 149.727706246
178.201665387 131.196077873
44.7336689779 100.529820703
69.4211856759 167.785986005
163.685040434 83.4460313562
74.0449495837 81.0871470259
132.521543485 118.313995742
147.590550221 194.856409729
131.636608929 69.9364515538
28.2444295888 65.2640177032
190.336811191 77.9925808826
106.068934831 58.2983716321
37.8945223156 142.096472065
144.394693252 120.510444688
186.223003661 80.729669223
44.5036540194 152.495173668
192.685631423 107.312992319
118.34823905 115.595180649
61.2034363518 118.812459371
210.497747605 87.4330953893
109.625608354 136.414289285
50.6174064899 114.036781987
110.587873537 153.752823891
176.220196761 67.4833393972
97.4714572673 113.50533207
30.6637605479 125.774181824
106.807987838 76.7669624363
135.063727835 153.107149173
92.852487468 74.2444054107
36.1360020324 53.8402335893
25.8917977816 101.610933388
112.331254893 77.2719756281
129.81885328 194.395174844
205.605491494 88.5403605243
162.590239135 61.2507483849
120.40040609 175.602445216
135.642740452 98.4698879982
175.121076291 65.1956036285
68.6657206764 144.072207206
72.9687066003 74.9197858074
158.586644279 147.834052729
14.0858856083 93.6393590961
19.0845337267 85.6533555747
66.2467331964 137.20688831
95.870344539 99.3963764075
47.6676239304 165.429716745
97.2759165016 152.316263909
44.3418423965 174.049507728
147.350049638 203.183294998
133.354946259 50.7762714191
120.326714587 129.569534853
108.141924055 142.409495159
147.245846923 54.733595199
119.547095383 97.2957925492
100.493990764 17.9076785361
47.614910148 91.5052131389
69.226924404 19.8889543479
88.6213542581 98.8553980066
185.059535301 170.18334632
102.328279462 87.8045814345
94.4355430585 88.5669781196
127.864447188 102.857747172
89.6911569091 60.8693088655
176.849841905 55.4188075132
208.41339316 118.755741582
128.386786342 208.623324714
184.649924988 49.7590393267
70.3890317133 111.547691716
64.3162130745 169.585995459
37.7480397293 159.004449045
75.3424036465 190.850198517
204.347912934 78.5027681075
21.7748440572 121.981121348
172.941010299 78.0945726646
46.7765868295 136.02650521
121.862033099 164.554254374
145.225719969 58.1895932323
99.5907662676 81.951934524
185.552463911 145.837712069
123.721344816 162.315273721
132.404347606 78.1211843402
85.0530217432 54.9401512807
40.7789037379 82.3977437311
128.513383237 128.187027945
175.605205311 45.5255419523
150.959259337 86.7193201076
157.48303764 102.328834139
129.953589576 201.51213733
95.06140162 22.9434567978
190.774552293 109.800026071
58.7108002526 128.173771518
173.805657908 176.131724738
108.139248698 77.1814944262
81.1206836909 95.6548109612
71.3119741183 47.3616403595
143.256315349 146.84872237
111.35117873 121.059528605
110.409774792 204.87571747
190.037229065 123.357060194
44.395725447 181.694088075
106.508376743 122.618873205
184.624356036 86.2106886766
36.2650839176 99.1676676725
58.9942612864 124.941331587
186.457062181 56.4139150522
137.310362424 67.9517099429
95.3729427831 53.6055451099
157.953064495 119.022855765
23.3877067774 68.2599305072
75.3621194158 32.1035103268
85.1123975051 155.544895788
122.985783282 12.1897765999
87.9371896099 178.462975754
79.8992744018 179.827531792
193.223035657 71.4679368838
108.927413176 20.5867534624
101.957079246 162.442982132
183.040929588 152.658680016
126.423479069 130.001091269
74.1620840145 197.493909767
128.84395247 118.665688701
189.464873017 176.794609694
106.874134202 194.94687642
35.5996033066 165.174640009
131.845552535 204.687375358
196.091327131 134.498958918
126.581314403 37.992220475
133.650069004 155.533249551
73.6086186305 17.7494317647
84.2268844927 92.6357829992
117.926914229 111.794690958
153.805408968 182.858106154
103.81603372 128.953710377
56.1185564951 121.628502974
91.0990602591 181.667528445
163.351712114 120.547491611
67.7784336156 92.9387526962
201.505183441 95.0788861968
21.3678057274 141.048712376
76.8272270224 116.441349442
72.7797684536 60.979829636
91.6632493379 202.436683382
30.066110089 137.184747835
127.630703063 72.8477379176
110.902064623 95.0156518914
93.8345692178 98.7260983908
105.404389087 115.279413911
204.329509234 88.3316919348
127.736695583 211.177321351
148.53131792 159.840117108
12.965008422 115.942533671
119.672170415 84.4244925989
74.3150966872 75.221341599
172.436158153 89.8405582733
58.8164724351 149.924058026
127.367702501 145.963501423
36.4647856952 149.35955732
202.847860544 89.4116875704
133.6192273 168.425149126
129.548628706 135.320982771
163.143240304 157.382825063
134.48940633 111.631676267
150.407907401 190.184800358
91.2474681348 183.744820451
136.46018138 179.380276095
132.861858461 188.886611412
165.820071126 92.7376579374
93.5783220734 27.04458282
86.765115716 24.9034185066
43.2661592979 41.7879046163
142.648160289 104.747920255
195.14521165 131.524297891
129.901996246 153.449692059
108.766137961 204.398243706
53.8181475692 103.440624607
124.997002072 50.2565873476
88.0463588081 155.851942123
43.5683603433 164.177266573
24.7715263864 98.9544708784
93.1138433403 129.643565685
71.8517730526 187.613735144
63.0809507312 154.450424
172.3954719 178.334873527
147.68525184 154.532046271
96.2165556812 192.329253205
48.2748315068 56.6531136675
171.632926297 36.3915677824
202.730248416 71.4689604055
18.8986825892 141.346825151
100.115594017 203.150300506
24.4929191437 105.867219165
27.4258706983 65.2696412578
122.840198755 150.172899724
62.2918421804 23.3873237857
114.616150381 193.901234518
25.6578248606 67.7459306274
62.4290179269 192.041232038
78.9242936565 94.915321767
191.948782311 154.707402225
165.801180941 65.3369252961
156.072438367 153.330772975
139.197011393 147.877578127
97.2628379593 14.9284605661
71.0375662646 146.927282731
167.350539511 163.888729306
155.201025509 186.151599462
180.736365777 164.681971675
126.52895331 50.6005348747
162.241650825 59.000422467
50.2245715177 81.7438501865
101.163279132 22.1326538361
51.6835850147 83.5030787699
165.096792285 84.9240429864
48.5871704267 79.8873157129
19.7233042263 117.085466522
157.116554067 127.52447759
33.4095724159 127.452765879
128.223863994 50.6583435761
203.683548014 69.896322796
45.7869346115 136.246757149
104.642139562 196.999636522
86.107936156 167.228199818
166.760778372 56.8707389988
121.740883385 81.8101942581
68.4855122299 21.5083036901
35.7221451593 147.861474958
147.581304557 97.6274590102
43.7554375659 134.129989756
145.420799502 164.646427609
121.120283228 189.888624668
158.872261211 201.165596986
199.081614411 137.31924851
71.5961451989 113.158281435
114.262559461 49.1404396012
190.920164005 77.6348840303
45.3567676606 46.9557455528
128.533010031 15.2401587045
54.1042635247 192.032205758
93.4925593521 144.253895379
137.010373665 21.5858147358
118.374674779 88.0664912012
