111.002150755 151.264531719
81.2651233106 102.153295913
154.930245342 98.9582015274
79.2203882648 129.941318333
103.651986645 157.997737735
119.665756592 124.054831523
123.453562293 109.974202025
139.022955795 79.3587959947
83.0166133421 156.054813844
106.815745873 142.212393598
90.4526065011 157.943390203
116.245808439 141.518884853
134.643510108 106.94205017
89.0953238717 104.88637735
115.228276937 85.0221395919
105.850637469 119.616814651
148.286682996 140.657416055
149.843381154 79.7445372673
79.3611694195 152.270128004
79.4735875617 122.406606515
148.37373139 122.879766396
101.255781776 108.889101798
127.874086203 115.616301818
158.002135574 79.032329769
146.850149468 146.488396124
153.713126491 80.7656547259
149.3320695 134.072451664
81.028708047 114.806995792
146.074760781 152.616414073
84.4626880665 97.2299004725
111.791707455 105.630103108
132.829192005 103.761940434
113.677943157 151.575112571
139.013745359 97.2764376074
127.217319224 157.633056929
80.1721622948 111.843711436
157.942137661 140.6823624
146.140823828 153.629543092
81.8099574114 79.3522481922
80.2748717882 89.860025618
107.89773313 134.999689535
86.7406423711 136.502382937
97.0398625778 117.384644747
145.279723574 126.991797811
143.972584539 108.972536106
99.1996196981 117.412118803
97.7903016857 119.072549223
79.0019992458 153.273912718
138.511469077 152.591667575
79.0244285123 151.836272442
81.912689331 157.525746802
157.781021764 125.578335802
121.853872316 80.5992422771
126.925367797 154.203412271
108.460721783 147.536657392
86.3124826057 156.905849756
121.302493455 144.236787236
85.7364713737 79.7418429546
130.829502631 137.230771339
88.2443301026 137.237073018
152.643835047 143.105881528
90.6766781194 114.894616133
98.4819186183 108.733017418
106.945506451 80.8532798743
95.810054852 80.3324071031
79.3342700543 91.8901103099
92.6253398882 90.4526668184
84.3356590249 129.714855678
135.713138183 90.2535136723
80.6773408464 150.38433712
125.358280354 95.2372269636
107.524981492 98.4322351783
156.731861995 157.597242337
111.665576535 122.818866559
81.4359289269 128.2804398
80.6120643379 149.411329928
158.003470309 155.329547685
138.726480814 86.9537715061
151.101708883 114.755572854
157.966146737 102.22241301
79.0021299339 127.717509925
149.518818257 145.677975117
119.771223783 103.781295567
79.1004101793 157.482421464
124.702431661 84.0720690259
157.424029893 99.4081595288
79.2625986254 132.43124898
96.6988699569 81.154533268
100.940091185 103.224266577
79.1049432923 153.180116627
156.674948831 79.9111041056
139.230589903 81.9409079757
150.775354187 85.0264164418
118.42341385 94.4717448065
94.2936345795 105.914225303
85.8496370895 79.2580509893
158.003732018 157.930307271
126.053498443 111.824780202
93.1731169137 151.181179269
139.005023325 131.2665409
135.407066171 87.1520336727
157.285320586 96.9946459917
150.903613506 82.1418237112
96.0390113265 79.0019279357
94.1518305691 145.165804694
79.1544751107 140.966117915
88.1951344558 149.978699925
154.606004676 128.599172111
124.107785014 143.733327941
124.936297733 150.922668649
110.851006541 138.570823144
157.978164958 97.680765532
117.962057623 82.2755243815
102.117638866 80.2950949268
156.133508999 132.98765305
120.870405092 157.896867751
156.947760191 100.928739901
146.007816878 106.767201602
95.5025981072 157.922688408
100.202912226 157.667264184
79.4441978544 81.2653613763
117.460125594 155.19150134
83.2652534683 80.2132014542
87.2489756799 108.51386945
134.778031217 153.871890398
109.693033203 79.0392244197
80.731375365 114.135326657
93.0955011692 82.4121757416
79.0528739607 157.105182064
113.952370603 79.4331553905
115.66210065 157.52469016
86.8203084239 92.7869891976
121.838204018 147.445166542
96.2084348344 125.989167322
132.435946755 139.071314051
157.858713624 155.840117449
147.218508663 112.898590823
153.617465565 132.832015472
81.9926682856 79.0846865992
80.2652757592 150.414531613
155.858689069 141.933798353
156.881250762 134.691044805
156.432938471 80.3263854353
137.567078359 130.614501104
107.383070259 80.9663576228
80.5440478978 158.001808028
106.03589241 137.950695364
93.597975174 116.334931649
157.443574002 138.446404876
92.4847232615 130.803744735
141.948344631 149.05984507
111.469234303 84.5817131989
80.29796403 156.537155051
81.5830061286 135.07151217
141.192828696 152.296341018
105.433851033 79.0944087021
132.970063175 149.366347647
79.2539870752 155.698372743
156.456878177 155.833961265
86.631366097 139.126628672
145.380518857 123.140499565
122.904707419 79.4556437812
90.6751208685 86.4378413804
94.8956493033 143.593040283
151.338666685 155.835121513
119.420349231 140.304006644
143.214027563 103.541128825
157.359829898 91.8435895078
86.9816865483 82.3169795515
156.651077189 115.66520459
97.0950142588 88.7479571353
140.883331234 107.585028979
79.2532760684 118.392381839
113.566353484 157.49199164
148.90871773 146.837826076
141.891536215 81.3214990806
141.362715733 105.70293045
83.3260139775 151.261416066
80.6338293845 104.801420598
103.109601788 87.3277783424
121.341022425 141.198663025
81.1640472198 118.168104482
113.419458377 143.141981696
132.655045568 156.889542653
142.434525069 146.499377643
79.0859453121 111.919670659
82.4184218647 131.490256257
79.0849832768 116.688055165
132.200406233 80.4049414458
149.424921377 124.826098263
108.422224605 152.576424331
105.484030223 79.7206967439
124.828842655 133.162872555
86.9877077569 145.135846974
79.2023479906 123.85930093
108.128617133 157.989733999
157.796251834 146.346073673
116.766046891 120.722984122
94.0057759331 102.458225064
79.5162153559 157.345139977
152.263864215 82.0719324623
121.253550381 153.061302528
80.0605965516 143.943816811
82.1229473353 129.094336188
100.670677025 144.827767432
104.861465533 119.37870185
155.187541893 96.9506610317
99.7769337127 100.00956119
147.038105052 82.6527701809
157.341694226 79.078342816
132.928712467 98.4327912188
