46.3763542653 135.359330422
110.811591956 137.826129091
212.144334608 107.25163855
214.286505379 100.129894235
184.14740518 53.4278227682
75.8817353584 133.507986201
200.40910382 123.627417892
135.929032813 190.420725801
134.321564832 43.7280621104
174.753224056 44.6793213409
156.998762208 164.405900644
101.81533782 20.5322550671
101.812026028 98.7886037601
95.6369476022 75.1787184345
26.3181285987 98.0367787227
178.827362689 49.8909667899
85.6986129442 167.243608181
42.0187753394 161.021844444
144.979196376 112.9533655
61.4708358441 147.647657855
121.93054853 109.550905053
206.932216311 115.743047355
69.9589698755 89.7006062285
33.3689466653 154.782462903
200.141394342 97.830601621
90.6068380445 16.5178620394
124.343938375 36.2865308302
76.1473167677 194.064988937
168.122748771 189.665110704
180.558835547 59.7089951164
174.599833924 53.6477210944
81.7970300024 115.527420444
152.489832605 200.596080127
169.802766405 30.451074699
126.950063861 53.8376251682
58.5269261191 194.720492681
142.291440488 47.3663943093
102.935270893 100.5384372
66.9155426103 22.9412271378
97.115783082 136.949058824
93.8516717876 206.628788087
125.290738276 45.0400395226
77.4779578327 183.466899484
113.326485457 81.3328967178
107.863269751 95.3596905717
124.082826807 71.3961672356
194.283803331 69.3778074722
22.7163040427 94.2653204287
95.5342191082 153.92518423
156.013039808 186.14393312
56.1511293662 164.320531662
90.3164633838 122.5430903
202.162921105 76.6908847739
97.0337515776 38.6648647601
76.8706618749 167.193320396
128.135770098 37.8537841587
161.754144101 163.298161596
116.190526758 199.539664837
82.6433971375 196.88633285
77.0267694722 141.021233742
116.65067802 170.255707739
102.895403681 195.067506172
164.31105225 64.4842720837
98.4459582928 109.732092359
122.237620069 70.7361010906
25.4524597668 145.634290105
131.93555811 92.263847103
120.22292192 46.5320709759
148.29077217 164.741562244
110.698554469 118.385651503
116.413724698 27.7034388495
116.540704255 132.646660656
117.047565867 152.633209027
158.818974425 191.416667928
79.2262166964 74.4306999213
158.452949665 156.410254869
64.429833304 110.0874476
120.778304501 119.11802385
88.5533610829 132.458233022
177.198708772 141.742407645
99.7286606598 82.4922757129
173.109810105 127.662636692
27.8071117245 158.196132502
172.562981547 85.8600927779
71.1404895552 45.9153974471
170.17853956 163.031701358
97.9513162744 78.0702796209
142.850922311 210.378885144
157.266492027 91.0168837571
31.8416765613 91.1834833027
50.1069603411 69.8055472389
100.770321813 93.326097711
199.945757368 114.516877081
104.817652175 25.872493675
102.941845856 211.503320144
128.414380249 74.8040541307
49.8058031232 163.726932937
32.1221278786 67.3018170201
214.663224393 117.312519287
129.305277702 95.3982992215
132.886835781 59.9725679042
62.4370261497 78.2571414064
64.9993922394 112.58978679
99.5942462932 156.884670389
147.985817988 127.622049057
149.299621538 200.797131489
77.9622297554 52.2092516876
155.449630253 97.2530158042
178.581284743 97.3584579864
101.95441671 67.6611835764
175.142725515 188.408921572
164.693559028 160.135908526
36.0234194761 68.8482007488
41.0773079255 65.9382190427
122.381509613 129.124099077
187.178578874 89.6559960951
51.1347352473 83.6535789959
70.087979072 136.562645089
65.7661558572 140.603676639
102.085602082 45.4884595962
104.14247204 197.240856239
52.7946043687 192.392050791
19.9657111117 84.0274006323
95.5588094345 86.1391880698
37.4514891536 126.319258252
95.516918262 183.717607676
191.703861767 158.858455998
40.863990263 49.9150841234
94.9596994701 142.960112166
153.159485326 104.525986337
99.3479835669 75.7595461033
83.1714210645 189.193199583
206.672650328 137.349406183
152.85428943 193.846857171
136.29079129 78.3085842023
120.272566898 173.100560228
33.1842769518 138.225759382
179.736471275 95.6172560599
180.873821918 55.2964983313
74.5144324983 107.215137265
88.0174810917 31.6622863365
168.411766052 159.000307242
38.5709408083 121.244791822
201.314129859 132.251919557
115.063169497 131.240123534
67.6068696451 176.962446489
26.7574133466 69.239782439
28.9258500956 144.024805068
170.070177875 122.631023823
36.1877628398 88.7243679308
143.100326868 68.0034235465
106.978871736 163.204081318
53.5026197172 70.0354864526
156.159288742 78.45239066
103.187192863 93.7552844924
62.2409537692 158.255595694
126.112572037 15.3516322929
159.099760347 32.2462944614
151.235694796 125.118110627
135.430774576 200.028291917
200.444209061 93.9824410041
167.261079295 187.124160696
177.780286618 149.955824115
76.169031915 24.7525200172
101.185988416 202.590987648
197.053674531 98.5203385311
25.6718163744 148.755788543
69.8236502183 153.240052867
141.102629145 76.3963317357
109.116890814 131.569990905
41.9343378161 60.559574629
130.210786845 27.889576742
133.006460836 153.290213675
108.361610992 26.1295669483
60.9159428762 34.1695246847
71.1316584676 183.065701804
120.787859657 83.0943126594
35.2241894614 100.781924152
65.0409811712 54.9320477546
111.995488683 161.776843783
66.013407934 30.5706859281
29.0413691932 151.981572443
176.492147741 61.7286361068
90.5695991049 55.8482298413
137.610705594 60.3253865997
75.7820245617 44.6018893959
159.636791331 59.9221008316
98.9737572686 180.815272315
132.902888893 204.569515374
162.526956197 57.9257006142
84.3515886274 139.737264773
123.544577005 47.7967005349
191.751332444 138.808532523
18.7860653452 139.026654402
138.523809283 107.52439062
125.196108218 135.857596253
57.2712090651 188.212769481
157.677256003 159.053866313
52.1374956698 90.5603616931
126.881854721 66.8441577203
73.4609633323 125.498825999
193.069798429 74.3495697897
135.120702307 69.0786325981
194.36133956 102.517465581
106.402849416 202.268001522
71.526206747 34.3029863813
65.2383763372 96.9185414186
124.619291218 76.4453596142
212.25907158 89.7393179527
107.173983882 201.507830909
54.2582777412 116.869785146
77.0323633962 102.738536968
101.857478729 210.871579723
124.418967235 211.110031878
47.3387133684 89.1450679284
152.305902121 69.0978287366
123.337682733 33.8380040067
40.5525888428 125.978827926
64.1785619555 190.667211467
88.7476204964 92.7897084271
43.9078731342 107.151907978
11.9754056763 115.247690219
148.945053748 207.35101702
52.8271415958 191.778773955
68.4701295919 187.914087437
104.704333941 161.753228504
141.857146326 42.7428389015
15.8881000261 96.9547899724
112.698148124 102.491158285
69.7041082213 33.3080202202
56.0515221273 135.921800368
79.6093748755 86.7135191308
162.813541893 134.529079425
161.874206774 136.226497644
42.8221147847 61.0589147707
152.534604945 65.5500083848
114.659659279 35.874921292
17.2123969025 95.0740270524
130.751232906 21.0122473196
73.7442645464 158.841720681
37.0073081135 89.8318479292
191.775132778 164.733903452
17.4499662521 119.384279641
27.767713885 136.096502607
145.628843975 26.4235884908
191.938964151 148.49579212
94.2498228688 50.0898351521
17.1247581468 77.9111203671
153.975569594 157.262904477
125.805360194 122.53833525
159.174552292 94.7028710734
61.2929261115 178.152930418
82.0782499382 114.337212899
51.4287856211 184.69121995
172.94117934 140.376190358
172.946995149 71.6701098941
127.192531865 205.985442568
37.6367330392 102.286630078
71.0921261009 114.428028097
84.3993757984 49.0663897243
59.716848381 136.519948445
96.3724693655 51.3564755589
142.240907943 91.0879231979
21.4094235263 134.168642923
192.543238827 133.093731578
61.1469853325 164.516886485
69.5524530936 84.1072915108
48.5945974814 186.976394167
44.5755792934 87.9671543475
90.1960177851 33.6119031867
141.644529333 101.011936205
148.863021158 93.7559221912
82.7391338491 67.2519889047
27.1509587757 158.026040408
86.4535938221 133.626184307
167.855530959 59.4862527847
106.229402218 186.979150871
116.929342316 15.1620517389
115.378502989 88.0195727931
74.23894777 179.906817076
70.8184125281 63.7757348589
137.671683003 168.627383864
132.056064418 26.6426073384
148.378117642 164.580947645
68.6479220875 114.253379211
66.619239573 58.2136965228
52.7948894959 96.1157783231
103.285365947 195.939236555
188.423358565 133.801840316
176.09741083 159.312357185
82.8784297574 101.832138086
182.306045643 46.0739524366
45.0897631058 66.0061667265
28.4676892257 135.994795363
213.980265896 104.282908536
33.1497824904 106.861079791
99.7135685981 192.359741549
77.4157307112 107.228071256
125.90620764 143.430286599
112.4677572 162.709830115
16.3092662158 108.460133932
63.5507076695 50.1809988213
121.759530347 130.911221287
135.160460225 118.679887722
179.028269328 153.827530134
180.34867232 50.1237271995
170.908487702 116.231937902
109.878423587 178.066887976
178.107334871 187.092016565
105.066340097 46.4948599021
21.6815169964 108.344194552
173.815204966 182.05432515
69.1961010022 143.110746136
129.937661101 175.396248919
107.85420938 72.877529748
131.024290028 70.6825816952
148.713679046 191.58960659
83.9834320698 182.559641852
176.632363533 177.165678839
190.104332317 53.9874092573
143.068793707 175.774760172
108.196500814 75.2611660072
46.0073784488 58.9536699685
58.4970399488 48.2212270975
105.911312795 169.197543031
197.858945916 162.241683409
72.8718336386 108.735486583
160.205029477 128.564159416
92.2746240011 91.3063940548
53.5879556911 30.8645879353
78.179622684 70.4112693595
158.974535349 34.3167832217
126.313577694 13.2425817333
55.3143788223 68.0802922054
125.015632237 89.660681211
144.47158013 136.431317373
128.420410739 94.3732966776
90.6927104808 129.722021965
117.534654326 128.152162382
142.973057736 67.4987978799
142.439844711 152.881162854
42.8297723345 128.135606365
62.2334154833 100.162299745
148.908019645 155.050995667
110.997612064 190.24561398
151.75916399 198.280846311
202.222900437 123.779346467
135.611344579 22.9205365483
100.954201566 200.71144422
69.1115254488 60.5425911721
111.718450383 191.412790062
201.654033216 143.395957657
171.956302877 154.227505148
35.0792086572 176.189626777
207.948908182 128.494422388
62.7901850291 93.3280368756
71.6228433046 190.548677141
106.233091793 177.502217386
70.9018054316 118.937358889
94.1893981261 181.842500835
148.897474975 54.5666473406
180.454748794 146.355314665
25.9882800683 166.781183307
142.372527628 81.051980375
156.024463365 192.224760998
141.078982897 187.616897364
105.926246242 175.164820441
190.323150331 116.149857893
91.7270783068 152.656800967
92.5202067692 19.3673303457
74.4438017704 29.0467798204
66.0279412493 136.029025576
114.650496139 166.422083702
117.690655199 191.562838356
142.400109347 20.3527260249
113.273670965 168.644438636
167.252812229 58.6270611534
86.114499342 196.71207201
26.5287920106 75.1898201515
91.6719719523 31.5753386265
37.3016411981 61.6296373678
136.104067626 197.492402009
82.8112775582 50.3189791295
199.802951206 106.973525669
90.0123343702 82.8048709157
70.5279934598 73.6706646537
79.9240786907 141.545310581
156.594838164 176.681453134
106.679866617 26.8015578826
122.158621371 40.1791655979
62.7911340672 122.665245975
100.198525386 62.9937841218
90.1741600426 70.4620200454
26.1152028591 58.1007308287
140.155321319 60.2260415286
33.4939405157 135.929137335
172.692166095 194.930792105
102.267421317 211.810772507
93.1781833206 152.552882896
151.726909838 181.942500957
47.2283909214 168.011492084
165.98364882 44.7706728615
90.0279915684 122.015981114
191.577573948 65.2567443346
24.1292463272 141.773734427
107.247347174 27.6068233029
162.064350509 52.4448140003
102.844201351 39.4066167526
86.3863823905 156.436120157
115.378201591 78.4426699395
73.2723255562 151.391941699
126.387513647 156.189438746
107.115009945 156.002412999
119.130749541 40.2251042653
120.999737966 70.6183759454
124.441995378 186.48878057
169.145871908 80.6873354758
91.8108820517 75.6310455938
181.075071873 106.846478166
211.481911107 92.5329274516
66.4406513782 182.506907545
177.306137011 55.996667151
127.766314777 203.807103225
43.1226019803 174.777128645
122.850042092 92.9754865632
150.260803215 188.453162136
108.791979107 195.204141174
69.9873125953 112.709446307
188.867904526 81.6810572233
173.230533184 164.011474373
113.999124299 196.499153707
161.462793625 84.6466693071
28.7834481597 101.878910313
31.0603862365 64.6593300992
64.6527810925 117.209966474
118.357224444 39.5669216508
147.445418437 67.6010329394
147.54741494 100.990985305
184.257327771 85.9658291344
88.6175719387 84.4812694358
175.428127222 32.5124867482
179.292707316 99.7884180362
70.6769630812 45.1019101831
172.268943977 47.7146674275
197.021860792 78.5383224629
30.1983450526 52.8063764516
101.143223608 97.0321653215
108.183266398 53.8954710885
94.8443922511 46.932847594
32.4173382708 113.510540249
65.7311108055 194.89427158
50.4536888699 136.663860554
75.8817315559 138.276985019
24.880544066 148.14884442
176.494229937 36.2295584956
70.5634753359 33.238112275
123.68940067 78.6035249383
143.244708067 168.196444928
79.2765622433 82.2771669377
69.2265212052 155.125464167
150.307631142 112.189464553
129.076432074 187.03934914
172.966035701 123.975166414
134.94680099 155.500394546
86.2140451459 172.524233677
87.4630693951 210.422972881
137.669773213 73.447979656
22.5649291031 109.056861894
26.3184711591 165.18649448
119.527313123 184.017082312
132.163151161 84.4083529116
155.8065436 98.1545368559
129.494115024 108.718977435
61.7549562779 112.786039802
81.8439930918 120.797979362
170.74627624 130.014437151
123.490571247 102.803332267
168.716051503 175.235131491
121.421894721 135.620368523
103.277096764 131.926397272
118.245160925 41.4794193606
118.898386536 99.5289482329
84.8866941742 106.391945489
88.301430155 128.591775711
178.78851415 66.6897284129
178.572638113 54.7934217331
28.0962017866 89.7291516147
170.573096116 63.7751905559
144.089195012 209.878969556
150.369863278 200.85517671
111.562624795 85.1410092745
111.148969655 102.893259495
127.134744002 140.43098319
112.56106682 180.012030818
65.2419961869 167.015551072
63.571314705 128.810901831
43.029756393 146.47304163
84.6925827535 19.8481141364
127.537248285 27.9451187854
138.109405235 203.969144817
