87.0289613633 185.90024731
74.5201126192 197.751898646
37.3098093061 60.7996390068
131.446464395 160.78778409
46.3319181853 131.900635891
176.04628572 192.205530713
52.2101394243 169.158075964
144.269075509 26.5639100295
88.5606010832 15.519682984
58.3920776109 73.484414415
117.259391041 214.786032332
166.24674642 152.944030983
172.232080046 40.6462640107
75.3565374369 170.397752649
54.2458278603 148.200405845
59.350482986 70.4846872886
129.39761198 213.140481499
51.4200089488 185.284544202
93.1719671952 146.306764818
65.5431660158 99.8303922587
153.068435728 64.0733940422
181.547621385 105.65945023
144.061976986 21.9163309036
88.4284223153 122.884095543
47.2115091767 79.6551263516
104.265806178 101.810884284
65.0585916025 146.819137939
84.3174733029 16.2706015668
103.732182014 121.785149366
170.216464192 117.151908524
145.516728788 49.1941315442
69.5396443479 22.1877369005
165.602273768 38.3580679194
212.807534133 99.2800743449
22.3633444065 94.750921761
41.8907598476 91.7043238219
165.779645502 197.949276637
50.2330762217 130.827637452
123.683021405 145.014665391
166.083676629 107.581047899
148.49736649 68.5294888879
97.0048735417 180.761627676
76.9567881732 131.023318806
197.424122253 70.1384969602
57.3610920224 144.888075884
101.823202599 90.9482044896
120.567459877 212.499276746
22.9651641611 128.747670112
164.810955119 95.3773829885
112.55879319 125.843208506
85.2765885434 86.2007177452
111.837943674 76.9634159365
147.729692134 81.1803435006
70.3345216557 159.322079353
91.9836173717 79.044374435
85.6355029426 73.2566032831
192.132188025 93.4245594641
172.514156843 86.8665618818
194.375293896 142.061941849
60.1264220596 100.072500207
117.934443158 181.360976686
172.448446337 187.416342833
76.7834824704 39.9374034776
102.594906294 203.610590978
201.001961281 157.460324312
145.148716147 174.995533278
152.201506859 86.0353135451
40.519473752 55.8696795811
138.422376188 28.5976499788
33.4127993309 50.1456530337
148.235388744 38.3385955794
142.400709156 86.2450929703
127.361342414 107.993571662
37.1291598991 62.8631641931
86.7189433761 197.114068536
188.532893205 140.172891964
112.349554132 162.653389154
66.6211887322 134.789683884
83.3668201621 24.0090180455
82.1739916594 93.528685691
179.552196616 148.284149921
131.677771148 181.543353109
35.5085492025 48.9071362669
179.873549489 52.2842319007
41.62451826 43.165836098
175.507182682 61.0968790147
150.800237593 64.8312691016
198.925791131 151.975948575
158.816079803 111.542453981
171.765989587 42.8934387471
98.5402747219 103.62654359
49.728297074 67.0021845084
98.9771519727 145.020607201
128.208379627 136.661114234
57.2287657503 31.5312362861
173.774319297 178.186571003
99.5785793417 49.441718379
116.440084911 31.0368363797
86.3730675795 132.569373642
104.754293327 27.1251597371
206.016321143 84.1552731234
66.4681986743 183.257615029
185.646714464 65.44808138
36.0734468798 48.4024683323
169.117417134 129.918242623
162.320672023 81.6778484114
28.6567918164 83.4652260139
108.335057597 139.256782106
71.5535020448 50.1054385661
84.8954532724 88.6834922312
167.696668012 165.264549294
205.597154764 86.1202397194
136.001876956 114.566525931
69.580625229 175.053823135
187.910198716 117.458361111
90.2670383276 155.711893252
199.899463512 130.710529967
37.1785889982 104.758823427
71.0290411419 117.617155745
148.235626645 136.809365952
175.569772681 124.840028386
197.903798376 135.138807588
174.078574967 172.650836028
124.342448185 37.1826345442
77.7858130632 41.6842740974
161.664357961 199.443104219
54.4121261884 85.184653663
137.911209324 143.85925743
193.660280156 129.3193183
169.705964142 158.546651793
86.8920882693 108.27995077
124.163162564 181.512958338
63.3447287386 55.8874388782
43.3310861737 89.8143894176
105.164589024 47.4913373581
203.432162084 148.572348928
77.0462808456 111.42847303
54.5948208007 69.614351157
79.7024380964 63.9959580722
34.1666499363 58.5215488516
132.360492288 168.270730998
116.14847507 96.2080558791
44.4793079616 114.742793742
94.2929294849 97.4119279874
199.354593944 85.6586463273
69.3283148923 61.2633439697
123.886485331 71.6696607864
134.454175309 181.832041248
126.663975181 132.277986718
130.543629593 38.1743198044
164.270658834 67.006182025
170.745487295 196.211698183
105.908970057 57.8847789979
93.2350185447 43.9385426508
60.8601378029 153.11469983
102.219652732 48.1109091716
197.734772745 143.82860588
107.334917544 149.436129718
29.1534500197 152.217874727
120.406899427 106.696937218
183.062447381 163.202668272
133.858647613 76.5611021381
50.8213641632 156.333655071
77.573446724 80.3830537674
172.438213091 184.451932504
122.09193848 103.594823062
75.8805397666 67.6654715258
106.046737308 55.6735040013
178.694540156 156.150291574
107.677760731 93.7161177537
127.62025695 163.91781885
200.627421983 102.267212337
89.3313647457 39.0277793472
39.0781371358 85.1032778393
30.4877774781 151.715382339
70.9954814874 41.5486899195
75.0767999116 21.7666850487
148.961395505 60.1460346514
159.590510012 173.673762882
121.975500164 113.343525858
190.215245366 104.357622452
38.1453588703 97.0211282052
34.5881415494 92.6982311064
162.575262191 189.332218459
41.2229101331 58.8828709336
87.82582453 47.0577392428
196.158289009 136.273908584
132.193270641 192.940265536
46.3250117986 171.728191308
32.9825204479 96.3552700264
97.2779271535 155.64610243
131.319052938 183.548397562
58.597570859 48.8172278618
33.1388974103 157.615423566
126.874453225 20.5302421671
95.1360454055 176.072980062
99.9792887123 86.3063722032
164.789597944 62.6251894818
116.217371914 97.199775479
152.768908497 90.9265523041
