151.915580676 79.7859397892
136.330931876 21.1735606705
108.851972509 69.3013645739
212.16856079 135.591885906
209.680451572 90.974647725
52.068464758 34.6442095498
136.984549717 111.284582362
121.610939479 201.689523094
139.120748051 46.8422674818
35.6136418546 51.0676827764
112.726593844 38.030740899
183.108549981 165.49413701
48.1980202283 94.2936770495
202.219888924 80.5325158403
97.9433842579 131.648220416
106.725203674 35.9210195394
184.407403506 131.322606493
60.040883056 160.790831673
92.5333590009 122.765859431
42.6948891085 94.6452087525
202.946677955 64.9190342841
98.9364790298 26.8314690943
138.883504363 198.481958101
104.002966768 141.688314156
214.307055171 101.748394204
101.066004673 151.593209495
100.965758823 167.745823088
78.4219417834 151.442075068
17.2211007273 118.898515094
36.4499327344 122.210018222
193.447937348 175.43943053
52.7661631072 179.408514421
126.542258388 99.6945604734
97.6798246381 65.2480089183
149.066357551 98.7489341196
59.7424186833 82.2736932772
144.420884452 58.6630908107
52.2693849351 111.127463325
34.3790070469 60.4195550152
30.3763085169 145.231531498
125.340058123 158.856526922
153.11603735 19.7905129225
129.029448352 131.500012692
25.7744059275 66.4989121959
100.02350196 104.329892532
154.026545789 115.673259501
185.72084454 52.1942994742
99.2059024798 129.533268154
98.1103045812 213.947104612
104.052668239 57.3884216633
106.790228491 155.890994751
162.054263898 104.795329213
169.139702553 175.878642994
144.133914627 113.208931965
116.882436893 19.6920770967
132.633810282 85.1816071648
132.521539485 26.938856527
174.294148458 171.994074482
163.909888555 49.8643865585
59.1264292815 76.9805635047
72.1246466907 100.932217664
82.8943411268 82.3277944511
147.724310798 28.2993003613
113.017971593 73.6619993757
152.331749775 56.0673284775
170.325339481 58.1648887296
83.9245426531 93.4794936458
26.8369662179 163.864203492
182.325955168 79.2807300921
126.881113872 23.2873574629
175.910085388 95.6885656357
141.567565019 199.725697027
168.19631044 160.133244983
171.647189186 48.5065713374
82.9811828448 78.7673836882
113.066142981 196.616547419
176.482123374 111.590339677
125.359825171 165.77408885
78.4849382852 105.003789547
60.4868698106 89.3757276116
70.5677634686 38.6064846339
155.992300637 162.446382444
204.408633431 151.22495708
87.9870360364 201.971106028
145.946961727 69.720148305
39.7456025774 161.044740432
199.387469566 148.481240874
101.93232863 147.295247205
61.997768478 146.881103093
158.220181011 105.811632505
102.350147736 108.380960248
126.543944372 136.932261126
66.5453857194 170.270314223
30.2285470274 122.383071646
39.4478322406 171.943685038
156.731595345 126.910768742
162.303553598 79.6197782358
179.666121985 174.114664891
130.983300027 40.9340423763
151.599590762 38.6569124112
206.353074868 103.681071015
171.911101887 192.308570773
205.785388372 152.750200712
186.689432015 100.340051373
39.6388035757 164.30154817
42.2976149822 97.7268317651
179.39396464 34.8597416108
192.286726597 126.722534294
95.5173242088 65.9794293463
139.860254937 143.75496191
108.593994473 17.0474956307
102.901942574 30.745942488
62.7505422054 59.1121922124
168.931331819 190.468451045
144.705261376 69.1676691383
28.4441881495 105.835195366
31.2997369905 126.650322745
139.341500897 78.8209449019
83.9488858817 137.813651184
203.820150472 127.412333317
60.8023266962 75.2460453886
187.531651815 65.1848202657
154.20657063 201.526769539
73.5553655098 113.455126527
28.0923787964 108.533118217
179.216819234 118.028593652
42.4118804137 174.209885119
32.9114080018 176.154397427
83.8390928708 127.230475396
116.819290585 141.174425666
58.8256461188 83.5833330262
15.1125293273 115.143100208
117.048184412 105.556465146
175.419777115 117.220913619
124.467327325 188.109827834
102.461742811 189.41371883
91.8967111969 91.5400226071
185.993669498 166.753810047
71.1828688565 162.34241106
105.578586361 178.36555886
158.690872757 33.5059059315
110.900668827 116.258021495
65.4085580125 27.3539406063
194.494019965 106.306749117
106.034126904 209.473163659
100.771709947 89.6806031338
84.093721162 133.229774646
199.85635456 96.6060212341
171.69350287 123.873278884
144.60219433 80.6486900284
85.5060381184 190.839269085
171.539283889 103.079820738
125.435639386 61.4312399627
179.996948329 41.8901277039
65.7853450295 66.9623295276
111.579060834 186.074964942
12.3961622303 107.098648479
194.399036417 110.949246982
116.698484875 203.242261216
121.587857178 57.0350741856
132.045269509 213.118666102
188.708941785 88.8414812123
160.61159648 168.875573244
111.695656063 64.5773689687
181.91715869 129.615135599
174.96749009 105.734352153
106.03844115 78.4103508493
59.0029236573 33.8447517089
174.076453502 137.89389187
59.7646848119 81.8078665058
32.5125987082 68.7968752545
141.620850428 51.2647108926
122.165041828 96.8963631721
123.311072977 94.7349190773
157.599600304 38.5843581693
103.947343045 12.6138589797
30.943950488 56.4843172398
149.639069329 18.9206402838
69.4072695975 42.1210877885
112.364786355 98.6284080425
140.197533065 21.1042574016
168.171306672 153.896105051
163.461889931 100.947527068
86.5479009675 170.927611434
125.457689157 45.116370224
35.0692162453 50.0552127276
118.294090912 82.026376088
98.1260210931 142.936750306
210.663694195 83.5299026585
94.4087999672 77.3019004153
150.644380564 181.583026926
24.0662342906 72.6815179121
72.7020908879 158.510088479
134.876756498 28.2100816032
146.724958445 123.570162542
62.2367660533 69.989804649
14.1206115796 127.797800469
188.706484365 141.546309822
18.7475709484 148.30487548
125.584372491 89.0927021099
125.2234534 173.825905987
79.3112715836 85.1407401763
198.089781319 155.071157789
79.8652516483 175.265774552
207.02692798 132.747926314
87.312729487 40.7797072427
155.799298294 188.060191915
98.7687676255 24.6195401752
41.1654158701 120.437493719
157.42796547 62.3632539209
135.953447987 133.913163659
159.045510391 167.290276012
135.8749971 192.720125127
176.726906488 61.146559046
178.821664 164.907044032
171.147311212 98.8595036568
93.6715809231 208.643409982
205.846400075 86.448885171
167.129290945 63.7861494798
44.2790174627 71.9232609289
155.800560526 92.6139983766
179.180676912 100.196768184
123.645239257 105.522411001
134.595165491 76.2160521963
89.6790508677 176.235915972
187.563564284 68.8497954854
113.085916044 88.0758861096
162.98319466 117.810544288
21.9026076778 116.695724331
117.091080536 28.7348764655
56.9761178719 125.856283996
32.2768429206 140.12719487
206.717358107 76.2757510579
142.00785301 128.554181165
201.911208808 87.5443252714
114.980115248 99.8688717169
125.961822116 56.812950564
95.9000152147 156.349520017
117.483585535 33.4738893217
142.632279329 197.566892651
159.349732774 38.2548552509
124.749150992 121.214269578
190.64195928 168.352191107
82.2114559072 49.2792292273
58.9476739399 123.667676129
189.216938707 91.8050363286
68.6219092855 184.701240399
171.695627628 111.552959555
158.641368565 91.4880810284
171.932457819 177.859054231
42.8589304177 171.010639779
167.886027898 193.10314699
102.318677688 165.164216039
57.447375768 125.77791462
151.72919358 37.6561676175
86.666654056 52.7888827369
96.5826265755 199.013356201
43.5080220148 63.6700524702
97.5433735481 78.6799614087
199.594493314 165.639613729
93.0199188889 145.545389679
109.740437125 172.47416011
191.609970987 151.707976409
188.745471114 79.6384545026
125.076255446 175.836678341
97.5102398785 179.684022007
163.788388265 87.1155083844
57.9788549627 26.7232694431
193.930608404 119.474294916
125.169127395 156.521400204
174.703409694 141.209886347
36.5874599193 179.628600984
47.5381452087 85.005717176
140.72891534 95.2972182498
88.1804729273 156.522147964
75.310363517 194.198929617
130.500808266 209.149068759
89.6081301691 186.401378164
106.36698109 164.533705629
160.142256094 110.809295897
85.3518466257 65.8175256204
105.376811458 32.539283548
129.076154061 104.808154361
159.285294422 87.4095203839
210.453584138 138.152038577
79.0196551505 62.7357517568
156.816801214 142.668084769
166.44305699 121.406965302
41.4300169006 52.7506695416
127.450309758 111.965847676
96.193743747 119.777167824
201.938581376 101.689155848
180.279678572 94.989365675
175.687231717 82.5514446684
191.470815405 83.2006716065
104.452526308 112.343949053
109.180058376 84.5362903428
39.4856486849 132.590408063
183.172622304 118.39310598
97.8060915124 144.330892629
74.6597680265 36.1079466023
47.4306461607 86.8862340771
94.5356687157 148.332258004
94.0560592806 117.885085183
97.4358190425 182.436842036
100.343364806 137.847556937
118.297798972 63.2926111348
117.53920617 75.143120824
127.791327235 177.739364536
198.938321466 110.824624604
209.835088018 100.790904155
129.233474259 127.219761429
174.737673692 78.011584127
25.7163521128 111.165153523
104.655945604 35.6276348354
133.341473672 151.812579171
171.982075109 45.2862578885
146.357565429 114.315155531
155.608719331 28.6653141363
172.404473751 96.5061717102
125.947274143 78.8051306912
201.611027131 138.677816564
165.956746332 117.083966903
105.104564329 98.069064089
55.1587883282 104.451327993
107.087988783 70.6246005685
95.8000446363 113.674955941
158.831401561 32.2667176944
145.476653375 142.296583526
17.0640206916 109.026085638
55.2213607627 43.6277598
130.368900986 138.254142749
66.7276074091 126.095601981
71.824972914 162.870481607
166.664744752 196.511852219
76.4622542239 20.7631721445
42.2299666073 121.005307985
23.8665267238 87.4986613896
54.6934274597 63.0890526882
156.414573698 68.6930728703
168.803184782 87.8460297676
162.468340012 187.222945002
62.8560471379 198.67969257
41.7764952864 158.928569421
53.5320099487 43.3406473277
77.6411013387 108.359564064
82.8046821797 114.36146906
138.149058871 36.0418499951
50.3616140345 170.173224422
124.960135955 117.734037333
46.1250673087 90.2296022162
99.5624378812 30.9362915392
197.586131583 134.512364144
70.0654528924 165.162567823
54.6582060879 186.521737431
195.529213959 55.0235944801
111.310525426 158.732378805
152.257327096 188.883809367
98.5701192983 40.50032433
153.655693835 31.3003338416
166.523911872 64.6148412942
56.5644253089 159.417956156
120.631813076 178.329863217
136.483805336 166.39100226
194.363852788 100.59202674
205.732397212 118.535846647
127.319766736 16.6964232144
160.560205263 73.0942773848
142.272522117 30.793902817
174.797230579 112.892278254
54.9769596821 62.7463223278
152.602293788 177.474273557
159.533407647 150.919306892
136.92326891 135.899963315
55.2624643708 153.774790307
112.80629152 150.782732796
58.5552145147 45.6218762229
146.103653566 140.849827856
98.4895852032 176.638880554
152.983769329 137.252915457
106.271023312 140.480412849
27.8725080235 169.706124085
116.530555792 120.775697351
91.0922979223 211.217517471
95.6933862432 49.9175343501
166.250676449 196.457978685
189.080849365 115.014542998
60.1828997528 192.893778712
31.6942365109 124.708582999
31.4721460752 112.245958668
95.8709803506 132.463865583
55.8125685713 95.9403267151
179.309056538 66.1289349622
95.3159036605 95.9570017028
115.709970108 191.200734478
28.8823802173 88.1216488597
130.610706581 119.740017877
141.798376553 195.389611548
96.6784194155 153.440277599
180.574261907 58.9257165027
100.448555559 79.5993702824
117.625799634 59.4333644159
107.857195034 121.955946823
146.803704757 76.4848465972
135.32995606 46.5184007669
154.90747539 58.4592985999
83.5767037786 187.980209564
110.57084353 112.616567401
175.652016337 90.2556940282
64.8491661637 165.885863744
65.3205788637 84.4535308433
170.08978005 61.0985927256
99.2746705408 173.019662375
62.5824479562 24.6884366538
33.1529921438 79.9693630341
163.096692335 78.4668622907
127.378378281 174.462618599
209.633448273 138.492439282
83.3512347543 71.3661616423
103.43917147 134.225939122
72.2423530307 90.0217963842
174.113113457 62.5062290861
133.318031762 131.426411952
67.2622303444 96.0994324679
78.5921503429 29.0555649552
84.8590882774 50.1096489667
79.0391853912 146.775085074
143.098409501 112.74871459
157.595212086 159.446634677
157.566708996 180.795989221
130.553382035 74.8405042557
138.903225677 138.229739468
141.634226215 175.750543596
95.8341434131 163.489820901
191.145605638 153.345771595
102.818141897 36.5474944002
81.2601974577 55.6753989063
84.1213858549 140.534812286
153.668629614 87.6901325263
141.231681507 141.900987906
126.079054469 181.373322349
123.909925816 211.896231858
165.386717078 146.789171968
91.170487288 45.1059160176
159.347605584 169.641153346
157.435161752 103.394277368
75.083856611 129.072787104
96.555326152 166.691205968
203.165984112 126.07033953
171.030120209 180.579499968
130.6653927 106.993837307
28.8830847545 111.793791429
104.929798015 26.2494666907
65.7722985206 201.709171694
65.8190217804 114.358607294
66.7294101587 103.198193967
72.3681948782 41.6102176435
50.577036607 117.936649425
150.922720391 55.2653154241
151.850824758 69.0706036334
156.675562618 54.0414203956
62.3257442891 146.959253302
122.507829922 169.76896416
91.0739505825 156.071767915
147.401828858 62.4805468714
129.339266063 142.294754185
118.578243882 96.0859543111
57.6981424452 160.265460511
170.285450233 152.897040068
30.4866972982 53.9251058488
69.7064256089 80.4936558419
118.352931901 197.27256671
138.808569761 44.9245246188
37.2765703859 45.7187617687
42.6981295296 92.7981830217
83.2178832289 112.651893916
121.417203896 65.8597847224
117.669646282 157.541753851
80.4740276134 97.7946387909
47.9770618731 42.9437071884
129.176222705 80.8987134728
120.545412151 111.238504104
81.4815410943 146.392083998
114.25986443 150.972297617
96.5790592464 59.2802532711
177.524279074 101.015026074
90.1746626919 90.5914100926
171.177223948 44.0577010001
131.907841681 198.235385592
46.6775530829 56.4051754719
103.214286742 99.0958394943
192.895322036 140.270724734
111.041032291 19.4709557039
129.302758029 33.2172519064
105.048578327 154.77733286
21.5840511389 107.321956951
53.7755540501 41.3311255218
102.570484084 87.0796792436
92.2639501917 71.1739363747
144.950635734 97.8788524087
188.642614947 69.1954831964
156.370663085 69.8823517095
130.170897645 160.242817772
180.557070079 171.426128305
196.171982494 97.0513853888
86.6753028835 52.3074502217
100.71602263 88.1872810325
141.499379382 23.2080434635
47.7266900415 171.460299766
169.864233945 165.560991486
207.406789727 87.7575844149
108.705980874 181.239513532
177.631287927 58.6509078431
154.872693083 116.541644167
123.942623284 52.0762787744
194.30058373 90.2770173294
64.8928239372 39.6370676259
128.260116903 163.391208416
144.786272652 193.396031971
194.868528274 103.372900879
64.2018454097 196.226589342
190.785028373 52.760080993
52.7988049204 140.381844213
150.119043479 147.142257689
207.023903616 113.313937093
132.675380431 54.1453946548
85.6819736393 89.4153200898
66.145169901 129.630064301
152.428995837 55.5381004148
165.275880492 69.8459236778
128.879571649 140.964001365
102.954548116 13.8682298807
187.815976252 53.9417634081
40.8584245773 172.701914947
155.967400079 23.190581112
58.8379535548 182.905227924
72.9016251294 164.138383673
38.0342763833 156.305824684
100.549074115 131.918406376
88.1538210311 196.358702864
93.3507614923 149.696893445
156.434648982 190.323573753
59.4611712408 108.185095132
79.4761682032 119.152990252
37.480599609 83.1280298298
44.3412880094 165.771803414
165.779349263 149.569666055
153.149008145 205.224595633
139.789126357 175.066691652
186.725050486 104.517291172
57.6459427003 116.952464819
160.281315615 113.106326784
162.607359206 126.223665805
93.0114888331 193.222695422
124.872884075 43.8392729577
83.2799119851 18.3751650861
83.1471264201 48.3937513773
34.8037446697 89.8538583725
103.184391406 39.550440849
102.757789862 197.629993482
198.43344127 165.935929141
72.5529931299 75.1155657401
30.8379661316 115.949039332
87.7414216335 183.438818147
96.0365116228 181.351569294
131.708558038 168.298447573
129.94906482 38.3683126932
117.895089454 40.5158206324
131.66662114 59.9737942523
110.611819656 60.7507200747
152.26707734 184.84571506
74.8694928422 182.547824
49.729920544 190.482641675
70.0889221248 121.510793631
108.312827004 89.4481404933
103.827102564 200.536547292
200.958793323 141.366431821
30.0600225765 104.580197806
133.565010124 93.4068971201
81.39687169 74.9180749146
168.230275372 166.289192717
98.2958575851 107.253850829
126.978964607 147.030281744
71.8615528306 75.8261401717
99.6064303722 76.093919345
194.054713899 111.371581945
181.124550567 181.551761905
80.7895885219 26.4876621781
133.489279569 19.407992117
176.27903615 126.081417034
44.3112942285 54.2567453255
48.220198423 122.339173689
38.204563552 78.4845352929
32.6306729824 173.985402181
92.3916458475 164.543154367
153.591553642 142.482275473
60.0405566218 81.5480860505
191.071423401 127.186593902
194.074316166 131.19324061
170.051729561 150.718207036
25.7572420325 117.821570439
53.6850858319 152.202693322
99.2748653178 100.75752367
134.249536932 82.2794148491
188.649090214 125.521185784
118.423517714 21.9111374941
163.319199958 122.654339733
98.8441670145 70.2393412198
151.092413361 192.912243769
137.504287009 127.831017175
60.4739025588 96.716409915
138.064443734 60.8849378951
145.388179322 57.809608289
192.970633939 125.921200154
92.000463764 193.827186507
141.260996461 99.1005286935
141.315945194 87.1773329936
39.720368477 155.211586735
208.559387175 116.309089833
81.6071506726 117.315914296
24.4965976815 85.0718318308
129.115198155 162.547352002
110.832895008 22.0059294384
136.071919139 183.579442638
142.841534745 172.560702696
166.433247382 45.5919957056
175.178270809 60.2854611726
165.531914887 53.443569104
128.063063408 76.2290751994
53.6833879222 125.156802876
202.535823707 158.181074404
109.350764497 87.2796392842
143.139526555 45.792350493
63.3097201292 102.337497073
95.6462486551 62.9395397583
101.367248849 130.665810926
30.5054614504 100.723648656
93.009598008 155.18921696
70.2748088585 83.3960380509
82.6214813156 199.577662393
103.977308963 70.8797233113
93.0046468976 150.688459282
165.262594568 139.695948201
51.0529044696 171.585652422
43.6299523703 48.6409172707
101.370589441 39.9657955589
156.263903271 90.638086883
192.936399602 170.524496411
123.234948252 136.582302094
74.1047884 21.6425457942
25.238891534 63.8590417445
31.6271240158 97.7133044219
24.223355819 135.853893196
194.886312973 78.0700942667
171.644311092 53.589363212
62.9779696453 157.527351949
112.902300278 196.380247451
62.4018017486 185.400421914
155.253444377 29.1457186157
35.5402830115 127.179799221
198.399891591 62.101070029
147.338154323 185.35638959
111.557313184 42.1746516495
32.6791266296 66.3603311966
146.635769902 203.830679539
65.9858269505 178.252689112
127.864493322 13.7658301393
171.783829125 114.780438363
136.567184032 144.379784757
96.7575288559 148.034978968
98.0100738321 78.2700337452
126.146881566 124.771111183
137.887841787 19.432634663
180.940652311 63.5052797264
30.0727980199 126.393949397
58.4031118581 47.477163049
78.0742981839 149.635891164
55.1037400533 98.0081963023
24.9121997702 95.2381872732
36.6306214945 84.1462210135
121.588229947 56.8466720598
11.5135599362 112.903300677
61.0640791812 75.0336199445
148.994596514 89.3789727309
200.034199311 101.653622735
137.264831958 101.541862321
191.534398415 94.8627747221
147.211384695 47.1485510322
49.1195166473 155.163909822
33.9759511224 145.70315501
171.022955749 121.344902715
96.0582900027 158.738480709
110.522557012 41.1662255544
110.725815278 191.637314208
196.598178385 74.3344597457
50.1621019011 123.616562062
144.067388077 65.6467310301
129.016027572 175.774622108
100.46554281 51.4977746931
144.482657003 174.866738693
91.622571383 125.448842046
93.9832882707 122.662361011
13.898143368 126.69127633
133.799796361 170.669983221
64.5222346324 173.179052124
183.927485188 97.7018625604
175.99134916 37.1953595178
49.7057318372 59.0640753571
175.604014715 60.6533511178
78.4041273228 137.240149227
68.7832136567 113.432404262
107.925038505 171.184852578
102.865694093 28.1032254544
126.971080166 127.043126795
170.78837635 107.293894239
106.464263788 150.327588625
201.856197361 67.6945896334
14.69850235 137.14132664
29.2721869215 161.802342376
118.533605742 59.4381589056
195.243199352 107.994637395
42.0265381657 113.570855312
85.8302554668 50.5033526816
132.162913285 59.2889060046
177.236291877 40.3899100344
31.3715785884 159.224475303
159.268362845 134.143490088
162.573499755 128.182140896
88.2482909354 48.7671976836
196.004648867 159.336592315
179.623459129 151.853684913
97.6508426999 121.887355144
81.1223812863 42.3257157943
71.2405763266 39.8787823197
98.4133544339 50.5289434771
116.296441419 84.8316658394
196.759256357 155.223418117
89.1023838904 182.662067224
53.2381596592 108.436049158
147.345580876 31.005523559
22.7305804547 66.6401797569
123.111902013 52.6822689769
81.0650698266 23.6866698926
99.7352905896 191.039942102
23.9578702826 105.030706867
56.5864420114 104.426001747
123.887675786 39.2264447179
32.2391201265 57.3448438252
91.6246937639 172.610069299
169.078703694 87.3004179271
151.342218702 84.6352526274
132.416633593 109.575708631
36.2611928827 105.986705444
38.4925613007 115.202713729
132.154036478 143.740893394
130.287542079 203.58590796
144.985667439 62.4246947806
175.139780898 184.788091566
165.617319016 82.260031438
164.521237776 117.946417626
158.451087224 102.34604184
60.4934699773 118.57705422
200.635121735 106.68694232
68.4644738297 115.924484187
20.0018390447 109.532457156
188.01597425 111.128715876
76.8820515788 20.8963173556
134.684168262 123.116456557
53.5059624637 110.839369818
108.8060291 171.399152874
12.7338113753 118.009950674
51.9934014041 89.2572093167
201.798930482 93.1764024986
178.964092569 184.102851407
105.850550991 78.7179772066
111.007798161 141.736197517
89.4806563519 81.6225204037
156.483095037 197.09649403
154.615385193 198.088550309
97.328483165 191.622405046
46.6867363876 160.067101983
108.923447943 183.324483301
145.657373559 162.430987684
52.200554638 76.0648351013
100.827686844 75.3735195554
111.648405235 189.285449152
130.062821017 163.952473266
167.482626656 91.38794858
183.455658005 167.126450531
99.3204249501 211.938055154
26.7406877732 118.584016004
97.1011181031 105.512482549
122.156775602 127.162999128
163.017340499 71.1547991361
103.959245877 200.975202248
34.4704814892 80.9328231213
88.7003915113 79.3498560275
104.919273596 33.4965854669
142.77048522 194.618572596
100.987200104 74.610083406
53.7612128066 144.596275226
50.0293739651 130.808733371
143.087541332 67.6074618776
159.297179042 90.2972403911
170.658339942 61.1685363863
33.5643168947 105.850790431
97.9570248237 45.9217934618
49.9577715609 148.885850323
23.5346046958 141.133609691
171.154295515 52.8827416539
198.496996695 113.594378064
70.4566642823 202.225450881
133.387144917 72.4546919473
72.8421937343 117.490435921
28.4631100636 102.863927348
201.574414238 138.411901914
161.442033929 86.0620932531
26.7872774277 103.464217657
54.8773505468 196.500564245
144.545903795 85.5600142637
119.110253893 28.1475848249
81.5633043992 76.3059542063
122.69158485 62.3566759406
123.14768788 105.136760276
106.3248717 90.436903065
47.5074720076 43.7246859094
48.6681928649 162.999900127
63.3287850323 195.443617451
83.5906243971 195.795437208
74.427070784 18.0521620769
154.037378049 45.7084668369
81.4935331369 168.910198586
86.3590675572 208.614744816
23.0400844282 161.009058458
211.793558012 103.370698936
159.298720249 82.4884331392
95.6844373785 165.936799801
202.755277739 64.8787033208
72.0368885696 189.476272442
62.1239824816 140.876838344
184.762085478 86.6108601944
84.3494484675 85.0167080424
20.2730661897 128.359685043
88.4515830395 182.034380916
105.28373097 73.8694476392
139.358872759 129.811823415
27.0521935011 93.7574094773
92.4934782856 20.4043838435
188.293563515 106.268191724
48.0835561147 184.277830925
202.312492435 139.053441713
79.5660964998 159.930715176
153.352882598 74.5721907663
179.710465399 45.1022979954
117.730938965 157.058651594
178.144073927 71.8208667766
128.500596716 71.3235007098
112.28713001 94.787947423
53.0961429316 112.173505299
99.6405542375 201.633254433
51.8877096289 40.3384105721
84.8688540584 160.755853723
105.635600395 162.027087452
183.063002149 162.699356543
161.68277443 88.8834476496
74.3096277638 197.65865439
113.183407881 35.3088236274
202.548259819 152.44060401
202.590954842 65.6056067576
169.510993241 102.117239463
125.654439702 190.982884878
131.184685318 166.912590031
98.350413055 30.4024039916
119.705551006 111.454317442
109.745657763 111.732032672
164.960877911 53.1455559512
147.187397404 86.6507932044
190.028281574 159.11937767
108.624559516 36.2711252162
91.5538996853 165.890274006
141.217020692 102.69189559
100.158886103 70.747507975
76.0503058386 85.5546656863
152.45243671 183.740729845
121.610127002 108.678644352
155.986682518 79.7992364
196.651523683 76.6460842284
159.526854444 98.804720359
49.0854166459 115.765770902
96.1993353555 138.504183503
184.53631036 178.70293292
141.746414192 38.1708086014
66.1445664361 29.1533577165
33.7868636196 73.5870155023
133.753025442 197.744313294
69.0688945578 23.0467000016
120.107873754 127.972976499
57.185998465 155.891661881
100.139747632 210.901991946
195.874643951 151.467701379
204.945101386 132.693923014
56.7019398075 155.590386897
149.319226248 55.1659480937
128.626240723 176.934173594
26.282918804 142.54032855
192.819802033 69.5370999369
37.6996981202 169.349406266
154.592252881 187.910460629
108.330078643 125.915881598
206.533819038 82.2885948009
69.1789054347 171.460763063
72.8420085954 23.6437803523
149.7910215 91.5203441425
105.910228085 98.640169828
76.0543882633 165.470257762
51.2183257796 177.438385087
113.118979655 54.3709450696
11.710654348 128.401164677
88.6000042478 197.887360211
112.609131963 144.456111631
198.32274428 146.420479472
134.842571281 105.883941837
67.9425877001 95.7277124209
35.28530243 75.0086226792
106.520600221 128.968665874
167.626421982 143.844532603
190.070254673 75.0976312205
68.1506239301 107.095393885
92.7251269437 110.027852264
114.722207364 22.2584817802
115.431688376 178.363942472
86.8256148893 15.949050762
83.0551933464 116.062014658
136.791834718 197.88010911
147.220922241 24.8717214511
173.826688735 147.12706321
52.2281497428 83.4144251637
167.916221318 162.429554929
175.778427478 125.540536167
105.060304053 43.1414204189
136.215733589 187.357342333
75.7326713227 109.249519756
48.5162496351 162.506094961
187.12452985 65.5487084901
63.0895853473 63.538013828
166.26784128 157.559014514
165.252225188 70.6814795121
111.19263715 71.9993796172
195.337143942 143.423310948
13.2616202732 93.069192335
97.5773997945 138.149536289
54.0051805144 108.270012741
71.5758928942 39.8577076533
96.3318675174 162.236549052
177.051601152 170.131051004
57.4154194955 95.8359146755
84.4986016555 168.982555633
115.212101926 133.675004211
121.006486199 170.075595126
149.239486101 149.594890737
105.428505206 179.578059288
181.502706511 72.533442896
78.9943192246 124.795939154
104.079550134 85.4979685121
163.43722108 199.388386152
65.2857409026 110.107771227
48.2462605724 49.6407306742
89.7717982684 147.294083285
123.980487539 98.8890753016
69.622617412 88.9927068972
60.6383385121 153.068964299
197.6200751 73.3048637981
57.8902471281 98.7539709932
186.986296569 177.516880636
174.094064057 32.7319429401
91.8412899674 101.871147136
99.8020850092 144.150199551
197.081063805 169.140249961
164.703877783 178.385587652
108.50719352 121.713813033
211.811144119 137.083021361
128.471811159 197.889485364
116.785277483 207.036980403
198.447794162 88.1339917639
139.715087839 166.92231022
81.0652785574 21.5143474977
61.6382043602 97.3751803907
124.286870575 155.825514534
23.303396964 133.054690082
141.128080295 143.435007738
156.942587143 45.1888144351
36.3886676212 145.768739461
172.226906272 35.6097165647
68.4535418334 92.8289366074
140.966877246 179.03411106
55.8891224981 150.960611726
122.575184965 110.218862687
75.9749342254 148.221439436
25.8812031758 69.6323939276
184.140589103 184.814168695
11.4537881766 101.570320873
127.845245722 12.5174577842
154.791305695 128.291079831
73.5684466917 115.503157959
55.3497480864 101.843134577
31.1402561177 171.96235267
174.948724963 148.497665518
114.550469578 63.1964831313
105.189751484 68.6624564206
110.546855861 161.098760016
208.621911813 82.7041247995
130.090003248 151.578879599
124.828407806 61.666917247
111.046351764 168.929985433
84.7798159588 44.8872656594
86.020547933 102.496218151
206.10683866 88.7926413714
106.877735221 135.11271401
83.7506398711 80.6488841637
101.173219634 134.495920958
108.480969701 113.849013436
185.001372411 107.926552327
126.105607372 101.310107453
149.044666944 45.318314116
196.36602353 166.323394132
92.0424919121 74.7347003309
179.763201736 143.466744643
93.1054480095 133.792916391
80.0222232344 82.5101745624
82.0886502586 26.279182868
90.04032047 139.03990334
180.601773774 134.927037558
76.2891857377 129.170283294
87.4277461691 165.65296657
150.927451922 47.8380576405
126.609653365 179.499386202
64.5948410292 127.09588191
98.2990187716 172.139162695
39.6192417482 123.705702831
144.084539892 133.746938646
70.2377230746 76.5294993702
50.1574531702 81.7504295099
138.230445437 111.523338097
69.7216896372 86.4468007514
129.059618513 85.9390602613
151.827569896 148.418123903
79.409604997 206.908885709
78.6346187347 118.481031705
145.907877275 96.1905127838
50.2472331895 157.271037238
102.656622265 89.2958464724
144.541670693 56.3494013767
69.7220274184 73.6212592997
169.091677904 39.2090700562
182.298277266 130.040855166
119.901528354 36.3901975474
95.4375708088 130.275494566
123.214642786 161.712625835
143.238564856 207.974047001
49.2704985251 58.6025338812
56.6563975232 78.0794026883
68.8970172722 115.767886894
179.474939987 76.2853058014
114.723085439 124.061748491
106.412620401 195.565042061
116.422107418 134.443321222
107.570131725 178.553560586
71.0877486526 29.497025805
85.3044123619 26.8813043302
164.514501566 142.180294333
122.93715989 29.4047414169
131.903991128 182.181994361
130.392155213 104.768763952
144.370379947 165.964978237
173.307087223 129.326935609
143.423137271 16.3250750953
90.113853482 154.305076113
65.3158935961 41.7945037713
53.0295756197 156.812115113
55.2379888771 116.518149631
146.678546542 130.907114349
74.3055028513 97.5485822533
129.274194505 33.7301540116
118.902564233 94.1838885963
65.5644443001 187.372944264
55.618344979 42.2371368693
142.685218054 67.1910596767
143.705833729 137.789600874
90.4631053307 137.286355306
130.561090708 92.1633306881
127.050602843 187.444323999
184.285635217 138.240879441
162.151776429 179.060067946
145.405318577 64.3491584792
104.337474878 145.287845808
152.496367425 149.313017049
78.1686304318 118.602280741
92.0857420046 115.807495594
107.596201608 12.8210134479
93.6605969618 25.8792319267
63.4360684379 189.623039386
169.992210922 160.0693253
84.9616447044 111.531282239
121.439609865 190.295328797
100.925363592 82.1670238343
130.557694978 141.201446543
169.595534826 106.801590484
150.180619122 186.571163373
79.1841332952 167.727354256
77.5688936149 162.57598301
55.4997556989 79.7804476894
52.8854612574 38.8395044975
27.4633103191 150.84320289
196.556675907 155.936127727
21.6822809067 120.276280544
48.4349268357 167.213080763
164.68523852 181.138323385
134.889084302 13.7237260054
31.1145205868 146.52581066
135.562401034 56.2668048144
150.475272294 180.514811407
195.815475579 154.744871696
162.560980556 91.1587287282
16.2181480939 104.733981615
171.80951179 139.856481669
208.313848749 119.287426555
163.514399572 96.6477679489
159.847055922 62.7138988294
98.8676037494 106.157181308
45.2761138391 87.1329798016
168.354820532 120.598674695
63.2054788798 142.736086315
155.37411265 125.674427033
118.594432159 34.3371551303
109.541138869 162.003220952
140.07245312 29.686187674
112.491475831 141.234634695
29.7892566729 73.0876737593
208.253142953 122.509356866
149.757525566 72.3890178598
183.080262117 124.381460995
160.340394625 160.789491663
142.120890804 16.263329898
37.0206262339 165.791992679
70.5295562088 185.555588766
138.357241304 179.258337671
62.3849969568 125.947150504
166.589564884 67.2628062349
121.778393411 30.6913899649
28.057478414 169.38691151
155.486853361 150.4104067
157.151747585 154.736810552
126.184982163 96.1675172524
93.14577904 23.2073179548
91.7869084906 58.2149888005
40.1462136278 95.3106870769
84.7177170061 125.283630141
102.329642975 66.6921750959
92.4723613753 174.901949111
85.4382435146 29.2560453586
180.267854201 139.786546369
153.448649176 145.589405759
95.6080542152 27.8001837683
55.6633175295 27.6167873748
18.3185443646 74.6898803581
48.9298505069 130.97214635
106.784714367 29.964843649
46.817931131 114.786170999
133.669531683 183.062124765
59.2298273962 114.434200673
83.1211422015 86.4395758057
83.7516857583 138.530906631
39.1511290471 114.944757834
156.127395704 157.677707206
176.247498337 112.732066847
156.331729034 181.86953453
143.348867421 145.991953837
175.886374599 140.500546661
28.968267982 69.0774682942
134.78321401 200.780867181
167.898883459 96.1627157102
166.935125723 64.7237378595
171.196557876 143.447555034
183.360807756 176.427461437
179.265767128 88.5509030616
69.5153434373 127.559431474
169.420865961 164.349049026
117.418550953 193.307796046
21.3792433672 82.7394490861
71.8111339204 119.737151988
50.0333856941 91.692711952
41.2830294672 53.005241428
137.92637842 139.261543448
58.0338592047 194.935097034
52.0488572474 192.332403533
88.9788932964 56.9479503669
81.4249892632 167.753678527
83.851679253 113.133013174
33.2304336722 107.820458552
68.5152574149 176.143367695
159.017574866 34.7813789156
146.617043178 136.145361797
171.998616554 195.548351434
116.950263329 58.4984956459
60.0758967799 135.28382087
114.323421159 198.404447106
48.984356753 57.8335878849
185.400593162 58.5531979228
78.6533764068 177.923737166
130.886128409 149.752196442
98.7173929421 199.242555557
100.235244333 11.054418782
69.4080130914 59.5552820572
141.742149446 105.765245959
189.576059918 162.11454044
97.9523443757 11.3062047113
200.044472274 120.122176858
164.038492599 94.6616310278
32.4253260294 163.136121808
165.530983741 191.656589483
103.781301928 87.7016500541
193.237353703 159.251158898
195.005610971 83.4225047618
125.146475964 90.9033751881
160.333876501 183.401272471
89.9601632718 28.5317377401
149.134977201 141.337796135
111.874815167 36.7664827303
51.6118664445 48.6122124324
155.892194264 43.8651377647
34.3520686735 144.062277461
18.9501556943 117.923674765
148.120135462 169.353406118
211.216983098 139.478406277
53.0580055877 185.025084972
157.643101773 98.951114275
104.233905315 119.69654528
203.212638045 155.777481341
194.305047355 103.113084478
161.903562836 193.831251116
80.3897425861 79.4398156987
175.734722306 52.215046373
93.2284871911 204.200118401
172.027706416 52.288972594
187.670297982 116.011337219
28.2925050668 118.987258059
156.27236752 79.4191103007
52.9692280205 127.303362927
183.367174478 110.879364528
17.414228726 127.355955826
144.96570295 121.380763976
30.4257180723 99.3834162812
88.6697533638 159.985688643
113.865416767 144.123805518
163.545875094 87.6563259542
76.6313247276 22.8656271732
141.908341064 20.7761102276
155.714414165 51.5659115324
63.3745243187 184.654991649
76.6303552974 31.804104698
119.433413604 22.2286356034
85.8005143424 110.328849904
133.982327057 28.1943391899
119.269456457 19.7077850429
65.8163205605 160.065109557
90.5918844095 170.890493363
94.3006345706 163.384157545
92.6061549047 179.55599246
197.092580572 114.295559791
121.869530018 63.1826407279
125.783749829 211.386383307
81.8917227407 39.3985751032
85.4177692771 99.4136598324
168.045201786 27.6928024822
203.989165837 103.760625464
170.577818145 110.117212292
182.242073595 122.600454916
95.1959733065 32.4992701803
167.604883193 35.0770341406
130.177351897 90.344208177
105.448564433 15.4899350956
176.82610602 115.265955415
199.959160509 77.2995833661
177.440273984 151.037478745
24.2933211129 151.574578262
162.576527899 179.496337177
105.965576244 60.7946432848
203.058982127 113.221732638
174.311404433 87.1892680704
86.1257124466 197.839559118
94.631442302 119.39369154
131.996937582 39.3148174361
126.573142449 172.713190265
88.5127846944 31.4457345997
173.114226331 188.945841052
73.5801872401 189.884009484
83.1478750501 90.7636863082
99.8957617827 53.9144840825
62.6977771892 194.665964145
114.595859693 86.9981478462
174.794877262 48.1919633859
186.847492583 107.706740776
98.9263498876 178.133802366
43.814504692 159.209925805
42.1017868395 79.3863499645
183.984500688 72.6825335259
123.72253372 96.2474299369
125.254720413 78.3042483786
184.053134655 160.078290422
104.144960918 31.3199315271
199.321912678 164.420524222
185.831891526 76.1148311612
54.5262298381 73.2236072297
209.101947847 129.030143952
97.1269065312 68.3907257224
150.864702173 53.4017610249
136.870907254 57.6139286693
87.1416285308 48.5498219176
93.300832865 205.859251088
22.8352620157 86.5260264573
89.5243494864 122.587665633
29.6040044775 98.4010378869
140.932030062 199.627723831
195.994494385 94.1054295632
92.0548076423 41.2741963908
107.252019566 168.462055846
109.08083818 160.442753143
105.827580352 213.853818127
198.36450208 131.214641072
50.2053020906 109.83129665
49.5984676844 107.170526393
150.007998611 61.8434363275
74.1600687784 78.4010776764
78.5697266764 93.5394592052
143.825619172 54.3521400136
90.1013568375 93.5019319949
184.645053622 63.39739411
78.9852688602 119.718871928
136.055717719 79.6441365291
136.800165781 104.431040291
141.8311922 28.1778530391
70.7788212443 49.4929214524
112.613847651 162.387786939
100.898506323 77.068546015
137.292788832 211.379173033
170.378353322 157.872459499
191.026832552 78.3906875438
45.6276138603 115.177865894
41.1614231423 149.03277651
97.095131629 50.5918942597
64.5837757985 106.037161879
78.6703603645 98.0896556459
104.517984868 133.223822287
199.826461309 104.955274273
57.4063582152 185.758977294
126.421652241 195.29634098
114.394968647 213.894483078
152.448420673 175.497692132
181.966764167 82.7744667996
43.8453949097 89.5846572498
129.811946868 158.699473337
170.574433181 164.511069075
56.7585463549 51.3698970093
186.941251266 49.5288177803
54.2982133327 78.4557780556
139.486227335 43.2790005928
44.3220425336 170.998520634
174.359024371 188.683118809
206.213042485 132.367592782
67.9506178462 23.7670387614
144.516537104 92.7068071242
170.639066787 196.269991099
136.618768091 211.066236139
155.472331808 42.622073158
27.6782762251 72.8723688084
46.6040587042 39.9430417022
164.946132747 150.853591809
113.284656481 104.019242802
48.6402012888 96.3627097855
87.992865082 20.9340323539
115.005443657 37.8248650026
20.0099951472 101.426750171
201.997398598 118.185878126
139.116870937 43.550318089
95.3901010509 76.2547703145
148.073411598 165.914914885
156.62128336 142.170143493
213.949192331 123.520424265
69.9443013432 177.936774142
149.993904171 132.406813388
192.572768533 111.532158361
165.255921747 76.3239977585
19.8806990548 151.097020929
154.040686757 172.888721937
152.129512109 66.3783746585
107.661283722 150.616449395
33.154120007 161.193442088
144.954672085 97.8400926053
57.8003270129 184.562351986
90.088130991 22.2810025145
12.3760969607 113.67790341
131.720000449 148.962561647
207.665789111 90.0975309336
122.992104157 30.5849938597
56.5411886737 50.7145598479
78.2363261499 51.0116698972
90.2508353658 207.559332259
88.7136662037 188.088161355
57.2602531899 143.157757404
82.9305330943 183.228255491
15.0817436298 83.6786996609
183.920225843 115.644349984
40.374787035 117.522877472
130.458064519 200.155195687
193.355138428 64.549913559
96.5144680265 204.095191542
175.897032896 113.686804912
49.574574855 171.993922584
104.185157169 116.514240007
30.847797918 112.225712189
60.4372010092 131.153788489
82.3883889859 122.600769699
157.518140229 155.531394774
112.856962873 161.987649524
139.464818118 39.881593498
56.5360231396 174.094647686
185.275595977 102.118781543
72.6648988744 109.137729388
124.695092613 93.8861182928
60.6637849377 160.69298662
121.320006011 155.358065996
119.188298572 65.4815839181
150.967890358 144.642197887
194.828975535 142.504739987
104.205016671 53.7433016207
57.5041008865 139.032475723
119.141548255 154.936628896
96.0982127365 18.6665838554
137.695427753 107.345891174
196.746967749 79.6588771966
132.175590368 73.3857015046
69.7720043817 133.576188047
162.932430383 54.7039402521
127.821322964 155.310562067
55.0177342224 50.8321515024
107.785967589 47.3703454583
180.336123375 153.116840361
206.331055372 89.7046564631
160.402804832 99.7049139725
91.084917916 28.2321781257
190.57628439 165.497824579
23.9108826751 127.209165849
136.255399176 28.723032243
125.584863193 93.0798597093
66.6266268503 55.816091325
55.7442865819 151.169915283
119.837473968 190.994953529
86.240232011 80.2869461368
116.686076858 23.2768941989
206.252097516 98.2950787839
121.330887162 19.594344743
78.613962701 35.6953102232
161.418459216 151.693606969
38.5723891484 62.2565344738
173.037732081 131.239308527
197.6387188 101.147338768
133.37447301 37.161161354
107.423361439 210.709995505
157.40520468 169.715076947
121.933549667 86.8336530496
170.530978527 158.271887319
173.230603299 188.981679664
88.1400947186 162.452258836
74.9369448239 147.069273083
188.969342583 71.4757506699
164.889943509 131.26154438
183.084216399 94.630366518
136.921715598 174.699975729
45.6679369753 116.033056575
86.4026394932 153.146018595
75.4495599508 144.908443952
98.0755876799 167.997475542
171.433392895 66.0807323631
58.9824088999 73.8912315262
43.5711199584 173.538477443
131.66768801 105.421455758
200.14958189 124.311332246
146.408208319 123.300570185
85.1987509862 181.520958244
56.7263967327 68.1082639802
102.550365286 15.8394215197
72.5576844248 173.133551237
200.947328123 65.7713717765
74.6086995741 104.340973273
35.9474707302 156.08599897
61.5666395626 162.737506796
125.150388248 164.80043561
177.908792656 139.854301464
67.8795502542 119.362324458
187.748861745 153.891993618
