59.560960142 38.6584299159
232.771769493 120.306453753
134.147386 70.9726459723
148.343230642 87.505502605
182.316981513 224.617755333
69.9108134671 146.924392834
181.745195607 213.40108141
124.190096392 183.680873488
100.513222393 41.3256169373
170.347134213 227.445334906
55.6525866805 66.0215075941
117.379161332 82.5911284007
98.3062979672 27.0398070053
101.609981434 100.399781014
156.286611436 228.753154881
135.398835683 189.588192489
106.947652588 118.02915892
33.4913386556 179.026015477
217.013204082 160.687536331
78.5650224949 22.9790821538
137.718158148 181.097587336
101.673353474 93.2608178679
155.273821126 71.9690679655
151.656491562 162.996503431
56.0927538212 97.8579842526
201.462579435 143.7480711
99.6950667719 185.548694147
67.9757116693 219.004717669
56.6514280891 167.245389901
208.565611878 207.972625749
157.400639186 144.756731768
159.18802115 109.890416319
141.561381427 59.8123121314
192.267680095 102.304038993
100.948987612 156.019445513
120.530266672 60.6382139919
43.4695969947 88.3469739314
117.194693832 31.1603493476
164.602060447 228.383114533
53.9462725599 109.811504579
174.657461906 25.1880119159
100.12440705 220.649738728
175.130143014 77.7138097265
115.872992123 31.4548867612
100.66786048 205.684326403
145.359692622 24.1047718747
210.763856712 152.992375801
52.3156451033 129.278628825
189.308058903 210.558633681
34.4002807409 66.0248136374
55.1169308477 124.225639835
207.257529465 98.666129325
225.031972385 85.2419282911
107.261356472 229.646401717
210.192542195 46.6748819752
117.093505226 100.377705046
239.635756409 87.582909796
93.7912387108 167.001702504
153.656387959 164.701874512
60.8364740113 152.629889847
159.251678522 35.1774029855
164.955351614 103.744102477
161.007458309 157.857267722
91.0530817218 176.632290879
220.395599515 61.3146007642
32.7844832992 168.990281188
189.307334943 51.9049719833
173.586063601 77.9672301126
103.405351629 35.644722876
116.712914563 122.759488209
87.2944359687 137.726386415
78.2410068701 206.473817441
76.5897270184 76.1968402437
182.571486136 90.0698880563
34.7612956 132.681375035
158.583831957 225.970091587
146.708161669 99.9932266194
105.918306891 97.6519941102
141.994449987 128.254660849
242.002634959 109.648199184
236.897948772 106.665179774
219.393265915 97.5174603157
81.6215290011 139.194954897
184.660205756 125.092036148
214.485042271 138.396417011
54.2802697152 161.075010157
145.145747673 102.725749784
154.007105055 32.4985223623
200.156710731 220.733454975
156.822927895 38.3282534572
104.718332934 153.647793723
194.762490131 52.2577577401
98.5957568 166.830287958
41.4123856945 140.602174681
105.424099109 137.653441787
228.272506402 91.8913506299
174.078215314 63.4920276554
63.993128617 40.9566213267
14.8968682766 136.895859547
127.752508747 67.6923430713
216.662828442 62.1311343633
233.35366049 141.833017109
143.442445409 56.6522939021
115.432125679 56.4760644719
65.0886800706 145.165654772
158.300788203 105.26501414
62.3608165057 129.419887513
155.682169863 18.8000091614
178.766936925 89.1873587599
163.894025351 188.581556632
27.096486295 172.398385489
64.0935381028 189.172423063
156.195153098 196.492166753
133.030789806 140.155993824
174.414893771 161.329148005
231.964795351 138.365518506
190.70323869 189.292081941
78.5243493521 56.213413892
139.57743833 53.1913046294
207.240147996 120.764592169
189.714389316 135.208437978
232.136097435 174.771438546
143.012238037 29.0827926104
112.312712284 126.136365881
232.604749332 92.7613622692
97.2995954888 65.9812239416
190.127538022 34.526081139
195.109188083 206.058826295
82.4967385201 120.666834244
130.052952474 134.244216935
187.603765435 39.4651748768
109.982610001 81.1678806352
102.715572302 136.281642005
84.6973290809 225.629632314
171.818748165 167.557926462
175.009947783 203.724435768
202.475030786 189.834674589
75.7963065375 132.309686336
150.818626082 119.413095936
121.695170819 199.820182343
75.8818370177 117.780312598
109.732760412 236.962756266
240.539478513 108.867318988
48.3410189048 90.5027098043
56.427475399 140.153758827
108.474529926 203.353620105
85.7960338957 49.7837145834
139.506297054 48.525184751
72.2860294703 158.965953745
157.44513294 186.489934635
83.8390590269 36.0684402908
163.277127588 209.32964135
156.520091148 234.780435308
114.279715776 173.82048194
157.517144365 169.375083247
54.6902583059 76.7124097118
162.506667633 104.160815031
43.0433496276 72.8085441365
171.735875133 114.893189102
192.740617149 144.967156198
141.914620461 68.7646912494
180.855856036 121.710515036
43.6477536354 50.2732819468
84.8899707667 197.791230767
53.9464447165 112.555363832
239.891953714 103.216985408
220.100169844 182.764516787
28.232644868 94.6044133893
172.711093497 210.6765157
117.809102928 23.311829761
164.51393591 203.968737495
136.875291375 86.6717652695
221.207114816 120.491234777
24.306371151 113.150935499
112.142894496 154.106579992
105.064819514 142.973550904
97.768160576 125.769010379
68.0458815028 176.317680218
54.8926438086 174.304643178
104.430305915 148.293668435
188.343824998 225.215796513
71.7423714507 25.1937465916
50.2285730952 212.882838018
167.022665891 69.3197594928
187.702049494 107.368952824
142.90756632 48.6485798922
236.170428894 141.893223884
118.123310767 188.011387283
23.1173716762 174.78942909
179.055765651 223.487390288
208.447189575 93.3318649527
51.1975678364 124.265216466
215.447893741 77.1144241757
177.288562249 50.4928326827
172.064134415 202.273735228
96.1838026675 111.280941145
139.164827512 122.914224181
12.7285354716 119.015041506
81.6916038714 93.172847084
188.166518634 132.935229558
131.120675029 111.007629577
35.0270962263 133.489839832
230.810785238 179.348499073
93.9853895731 91.9846279521
67.0730152561 118.428102897
128.099517807 185.718015721
146.062050096 194.477959297
99.3835107258 56.2679754588
182.471842984 154.543478102
24.4134997393 102.011043196
171.933487948 141.333714365
52.757347414 211.453645807
162.77450938 132.022368965
168.610985569 86.4121910123
111.928042553 76.600246838
192.454768295 164.639303655
216.38170307 160.617643506
218.19384783 95.6766317305
180.569061317 97.1213435334
101.810445016 28.8306487406
223.737362611 150.692140841
109.006144918 201.452285027
35.1220518301 140.330277264
219.326700868 156.405229788
179.211549106 121.843248061
109.044209688 141.40475798
110.350512887 168.288025757
144.268903518 225.862903095
97.6388146532 159.627553594
196.705756556 58.5711016063
129.387154786 79.3153943325
178.227510075 60.9430450801
78.6710123793 173.115161134
89.3047790617 48.1851889864
186.213313351 30.5243809446
96.4931178011 125.908250921
60.4542720278 191.699406885
156.624927008 216.285565709
227.78777137 188.887050582
36.5756473806 107.208231073
141.538080012 70.1854143354
234.964079357 135.234621697
62.70127883 81.1415128751
221.344054 135.97251458
69.4249660728 50.4996004512
109.580146372 19.3281227368
225.094197733 158.716936826
194.019320337 164.010455077
25.7726724902 149.577712843
81.6467336378 148.986842256
142.32266082 215.034815599
238.869651603 129.34402291
81.7990891793 55.5048959687
96.1227846689 68.0432546743
31.4389395753 194.091719502
221.133046802 103.760836322
57.6454231637 40.1878951957
140.615670474 98.6725799182
86.0131685744 62.2356028705
76.2968332785 23.5455036535
54.0013487534 160.694334785
68.8231630182 216.791843512
94.8200869371 111.042781422
160.674055079 142.480080208
67.3774919068 179.302865653
129.716847833 161.720313865
108.463152525 152.629537255
41.4896987399 73.7401152255
91.4676010761 239.629232374
183.732549545 230.149809629
147.286891375 191.970899075
131.240671763 37.9412315169
108.825252681 84.6516782964
24.1559299053 105.632131182
107.806626544 129.306476929
55.4521403151 67.5888517914
68.314728437 75.1949202889
50.1354847117 169.631267582
150.65496371 116.837136924
177.911484374 195.356956278
235.674012951 136.84130651
26.5468810937 112.660208489
115.179157802 123.320355977
57.2450649076 151.488862449
17.8424582622 167.46764106
198.536245348 194.960940385
89.189899006 193.038894064
52.1659281321 69.649238389
155.401077512 206.743365943
223.68140176 91.0069067406
55.9133332033 203.569127767
124.579087062 217.631681231
63.5596571433 70.6840757552
42.234551431 128.763691683
90.7322032349 157.441864211
129.345947374 39.1687290331
77.5668503136 168.738103185
151.380535612 49.658362098
200.485195468 190.463912672
208.03331413 61.9807477511
103.643196256 71.1726006528
177.195641495 192.811455206
212.283288323 126.297284096
173.058278101 22.3193175079
149.933593086 58.5756171119
109.145856393 69.3400723325
207.132626903 56.989676442
151.814812674 219.15763588
158.232793931 205.662439265
82.7232164766 218.49973792
220.105970474 78.7043729779
73.4484673379 189.587938152
100.730195807 56.1530233783
128.149170811 21.5783278793
123.835138784 199.814918873
230.043752362 110.693076347
89.255919377 61.6800557694
133.602343 199.032558787
149.663387561 88.6464416196
96.8342532784 224.843240671
173.608010785 161.922458497
204.072245441 80.3983965301
139.049059606 157.596575087
182.979406104 180.338835847
36.6244436708 135.252086904
103.63059811 224.024152749
211.915855381 78.0006465018
161.547278071 135.409379733
103.109566291 15.049083045
156.822995077 171.503970852
103.653012683 115.76925105
103.168349037 119.565077264
96.6088320834 235.851816182
173.86711457 237.94264247
86.7497710437 61.0291630033
119.418528214 37.034515779
31.9392501469 112.790947069
33.4295438247 164.409832973
218.177046552 125.663829689
222.596240256 199.057750736
70.1585884674 154.846690705
166.410751624 187.355107612
154.487789815 70.0879631672
141.385913137 129.321408217
59.7897124972 87.3549330567
11.5101789207 128.790799547
133.105674295 11.5803533713
147.132029157 196.255768584
112.661449318 143.676330908
73.4789663778 118.466271551
211.997837291 109.631589881
107.848967167 12.3250159713
46.1957877854 165.064557151
105.356810627 62.6121484993
52.5907951042 192.553107021
91.2004886094 216.331673582
137.161804405 200.184482307
192.642084448 31.5890981502
81.9476803422 200.849404435
240.645086895 98.0291247049
58.3258578978 92.2829997458
146.204570238 222.667970979
86.3503856548 150.925549253
140.937467694 178.480374465
229.614185548 139.477915034
73.9058405105 206.120962804
150.3430873 66.5686759717
230.744106412 119.135422743
142.65133559 234.423965317
114.556564251 48.5694928589
84.8490474789 64.2735021348
97.6036718119 131.502757074
123.759927899 200.538636415
175.401203625 117.420947778
216.643222528 178.843725553
167.354203014 48.9231576169
208.141418812 130.293985399
186.293595341 188.241701593
35.5760288153 76.1909113275
69.0068793651 228.808542428
92.858622697 235.451547444
202.084000537 92.1752264381
100.606306368 87.9149937278
28.5878270625 128.946144462
63.6791195523 35.281408846
58.0691601767 96.9365295314
153.5341832 205.062097504
149.247496884 112.785044228
126.664081514 93.8048360772
87.3937383342 210.716549063
71.4958526568 64.2594781708
56.6687209791 124.091466208
177.341070266 60.9094550515
88.3148623672 82.9511083857
31.9380928551 71.9921777911
114.885394751 107.727109133
85.7686801399 57.1024921717
125.656851827 86.0236136671
125.040168245 246.016028472
88.9289140342 46.1345729959
78.3573427695 205.607312978
19.8639799517 107.610284014
177.768107541 131.234739646
86.5582466151 70.4526566756
239.154030847 106.323357133
152.135824285 240.263466312
65.6795950928 97.3776325237
74.9659185089 187.400348393
185.224471736 113.167110582
33.9711118377 76.0668042388
195.511086975 40.1065953836
98.3886718065 226.881246974
236.443296291 129.735142853
76.07217596 64.9723602506
54.0408549815 127.237274677
132.919492077 107.44121218
231.003145914 158.470581863
60.528403925 216.293568713
154.957346655 227.018045926
152.630149171 34.6834753157
226.042107057 87.1690668759
208.69322115 207.996181519
143.67595445 67.7053957026
47.8772737412 134.097509175
37.826082319 174.75711425
114.779047437 53.5874582464
104.67011576 135.40297279
216.997549582 122.986665544
155.063781187 93.0713329168
214.579939195 123.174518492
17.8698317097 139.176173136
17.7086119298 124.378461637
17.7030091307 154.637221981
213.984177692 161.101703931
71.1895327462 175.96389868
116.921036778 215.451137794
77.0753083706 213.136573825
158.794581576 80.3794837769
140.113824029 207.411133283
224.316892372 106.797838596
86.2203491117 139.09608172
104.432288737 238.964023085
213.077011487 199.077280605
120.185622702 37.1220455835
110.657869403 84.7654910124
148.37080878 16.1174457798
91.488531125 80.7099902474
108.095455824 53.9067197518
165.914490235 158.678042917
86.7314152532 198.911081781
181.643484525 157.758715561
50.44766532 204.737946955
44.8953308251 109.797185943
68.0732514551 191.649089306
102.402367612 33.89016886
54.3520028297 187.422337805
186.262903124 89.7649379311
102.587224623 162.466762834
154.388793736 215.808072354
142.313909906 201.726282581
94.0131260412 44.3888433933
189.320579962 89.2560673998
55.4078915313 70.0854188476
25.3122062997 97.3939771949
24.0371038786 154.070203416
224.995055983 196.89916539
222.930072032 153.678327788
213.637016436 115.753732258
91.6936458327 38.721437004
48.1971569343 195.664133283
135.037868107 65.2428743624
89.2184237022 215.881595837
148.634759824 65.459053521
207.469020357 176.198121997
152.62913479 18.2192955573
31.9589549816 179.528253987
216.838355269 181.928648275
108.989001294 160.893594108
214.222988068 120.554166708
112.681865005 20.411293336
117.400995131 12.8025925822
102.761884309 107.807432324
50.5970218823 168.233608516
223.062627303 112.143413475
139.74707346 104.132306432
151.660290436 194.347542439
72.8737429532 84.3290103712
50.9045327181 80.1970074272
153.580841181 66.7176948469
212.073789439 106.598244698
182.546348058 141.83414219
124.584673018 209.218588611
93.9122370971 225.347984514
16.9230776176 117.901269289
137.541045048 128.801085609
113.189542921 181.65702977
76.0710770961 76.2761252453
188.172908673 135.695264637
120.727906983 11.1242245221
108.675006908 60.6553696177
36.9491358973 120.348543986
50.3901389877 156.588864672
153.087946056 180.499589022
132.646985502 44.3596791387
160.428551654 181.793633315
99.0748522991 164.77661304
33.1574162565 72.1152589278
33.6262928366 73.7911504539
240.822992738 160.279361199
55.014721022 72.5990267797
158.184398599 224.583352092
82.7910003546 77.2258217074
188.910431702 86.8361138282
64.8186941175 86.2047870931
23.900827739 88.4598885511
136.491150788 10.4533454711
108.738967052 231.851894025
59.4124199495 62.87543666
207.176370226 123.18111291
120.536439535 229.870014483
172.327577126 83.8027874745
24.524093702 84.9707227774
122.190365634 51.9537283714
160.610661923 150.944537731
188.247901607 145.670346344
108.668285088 140.072229705
19.7662877976 154.030905258
67.7930075957 93.5938425789
97.9753055873 222.330688433
117.88382261 161.687495488
90.6715432278 58.4985034676
99.4878779537 23.0062638018
205.467788474 149.306453731
178.348086328 147.688150432
87.8419378002 45.5749893122
160.401624364 203.620387569
194.969990262 170.813923328
119.203391939 26.5132808092
129.562679657 91.7906993733
225.866859806 106.123819317
218.525549785 68.1638969872
172.974685462 118.805456094
131.839244362 217.50012478
105.415387391 22.0951240928
227.278756864 154.494390343
211.29858975 66.3564216906
146.096076344 170.61782723
172.99000379 130.713319884
108.750942857 141.230264987
81.4808427253 107.145905779
65.3764508615 197.887300448
228.207845043 167.390839203
120.248523406 62.0064794629
176.568002541 115.674886796
100.849943572 202.284639185
141.171959998 128.952748446
66.3383320304 179.865249709
85.2579812521 205.507965942
94.7287607584 155.988107075
204.089675677 201.202934564
226.390794958 111.475250103
11.1696763973 142.268416695
102.18484531 155.26575444
17.0158844383 103.134734532
71.6675191741 98.3194247279
192.882056393 227.259762246
209.36177823 126.457343773
59.7060143773 99.3445808444
16.8738031426 128.059107966
196.730006626 65.4591108482
101.081892282 183.9843825
133.456931608 57.9690421993
93.2391885138 165.268829943
93.2500479001 74.2651200828
243.268478103 110.756692559
207.555117512 140.435018261
146.635170915 173.705202213
181.24155991 226.948324123
166.114351932 171.23693066
189.958576223 138.469808052
203.007063578 185.86045577
245.784606809 139.199726298
97.5277735634 193.954734193
41.6413596688 110.331949708
205.023006998 119.523203207
208.817742914 118.392392697
142.238576514 113.623751332
208.244983726 65.5420397375
222.701344896 106.807061236
96.933272262 133.031237029
122.72061043 44.2883132849
225.587121637 189.12172371
145.115806288 194.585844062
228.27154223 83.1265659905
39.6847798166 92.0857412548
171.097227784 50.6576736052
207.316847718 51.0947849321
71.0808122116 178.318820438
77.8379822952 77.5253463007
66.2068488427 145.74783061
79.4878658608 172.934476248
53.5329832625 151.849289862
71.7584421166 36.92943327
108.61391578 71.204644685
180.058861215 39.1798860931
196.301030542 219.962809874
131.68889756 177.567839358
63.1250873281 30.4490486586
236.086123382 87.5970074011
178.859773682 154.629389424
197.66594398 125.869012821
166.419013579 234.279763478
186.423769582 58.3881320224
94.936698244 172.913088935
117.263657048 113.076222387
142.407236306 203.53245064
131.561612901 205.92497159
124.633468554 176.51364753
69.8553394132 193.189061285
30.104086732 103.347529773
18.5379232077 143.271137773
105.790774056 143.978038966
109.63186284 153.356601623
56.4261106571 75.9121517584
30.4542570032 64.6414129827
89.2364108388 112.16610674
150.118815993 63.8974379873
76.6267817078 105.774101906
245.971699408 119.137096667
116.385370258 204.981773993
136.134594386 135.299073325
26.8800165293 127.146221499
167.825591943 72.2106582875
182.898559168 48.9363891619
151.368581167 88.3457581268
190.537766069 137.041853779
165.086784952 34.6726704134
21.2640607434 171.302921143
100.205420128 81.9170660211
146.520229588 26.5072313785
59.7475027075 76.8885459201
142.27352097 238.732000091
229.843865448 149.43937917
177.733594375 232.919689936
121.074589692 88.6211095361
200.21750706 111.420782838
231.726150186 83.7138008576
168.487574611 67.938562598
174.516114547 179.762714791
105.74494348 16.5915231086
128.548516477 208.871020596
177.86019108 114.617246832
212.453172916 135.420679146
218.041824502 59.9125302841
204.099856756 160.82395769
131.725463916 216.745056477
93.751736881 112.452927404
98.2030980721 46.8846664165
65.9801327634 57.2880599687
127.489297643 129.451307968
41.4704547276 168.854215652
174.060849003 145.663819285
79.4913399973 71.2951355415
158.034019897 167.586587918
163.757918366 50.3203822811
142.074812896 101.513441435
149.208149288 186.743392322
180.319185783 221.498909774
173.229275848 201.867388774
86.5918784422 99.4137081933
180.455141628 40.0560710574
82.2005985615 96.8123061529
59.8716857866 53.540503935
154.315913539 232.935200689
111.557548229 150.030649776
207.191742355 111.722558373
41.1324546525 145.506614737
82.9362166885 106.415531157
27.3105782241 144.417630479
209.97067064 133.206023422
109.187266767 112.681600991
159.822262479 223.584650099
61.4970475187 171.861931478
178.465961165 106.556112006
189.086080078 138.159788167
75.9956785255 23.40279085
32.345334742 92.8350991598
82.9474048351 173.885485717
158.666842242 64.3676858809
85.5435214438 67.4415756231
191.158098324 104.338519336
227.337138747 179.092534033
244.802752299 105.876400508
114.206021714 29.513065434
49.244863606 119.567124757
132.118255205 120.329190201
27.5395200078 120.250038336
72.7159062481 128.603211527
126.065182699 26.1437872318
64.6836858997 33.1713498934
91.2343867318 158.085497062
79.6088403369 215.617865014
37.8431044005 130.808046174
152.919563243 223.044495336
196.898698248 181.177927418
186.239294463 166.75584101
185.231925821 116.588717439
80.7094978179 200.550179617
169.338037233 185.68334856
148.047132455 226.489191357
50.8189722231 160.881647274
175.055305045 59.0704184184
138.00418843 165.010604318
42.349020639 115.400922293
97.1926588978 84.5486408379
35.4741488043 83.8625400164
184.752274018 126.0046847
92.8064190404 196.539216149
126.355025967 105.469957091
20.6057782765 90.8625882668
147.254412476 213.121731762
20.0600473867 103.433100327
66.0280520108 58.1832144219
67.2273848224 103.469993264
43.1374934311 186.811290969
209.669719844 79.6824514701
61.4970163291 177.48485955
173.681346665 55.3687131931
13.5561493821 104.750431533
62.4103984955 199.398745324
168.823386116 82.17952202
114.698327691 137.902930129
39.9839142086 187.068089913
206.877809624 140.88714888
133.23237065 226.213157109
187.186453203 151.33640995
116.758238177 223.358113663
176.334782617 123.540317941
115.530080565 72.6886346612
158.95485706 48.594556032
136.727732708 46.6986597272
209.012911836 97.816769695
142.791788727 45.8926149615
146.214472549 110.927635834
139.31756838 153.048333792
99.4950603148 207.263317913
114.264806287 149.411726317
60.7503532717 201.304558674
77.5041175888 174.730644767
63.5538806285 37.0881020356
127.263260642 119.294083437
220.23783371 78.1053904749
182.669568755 222.191923698
105.866833156 228.073024032
23.769008077 141.65092624
186.493974185 189.292592008
219.440663789 76.8421615276
141.691672753 241.866905426
132.702592028 112.035020589
118.811544629 124.850481023
192.078607273 93.7165660611
215.920471553 83.999117576
123.763322665 68.3384021956
115.816474242 119.255722783
74.6625522776 66.2723429746
145.682953054 191.221934389
110.849939755 229.558960249
188.60964683 227.131887386
61.9635842584 47.2695892227
186.098257882 80.7867723311
150.365422389 129.387721721
211.82909523 205.283676352
106.698884568 105.131280922
40.965101293 123.791132933
49.2437776086 107.458469416
35.0135764844 128.796910661
34.4809033877 176.54084876
42.6617172825 92.6983015095
64.3876842047 184.282773028
68.1875884407 163.880856988
205.779680223 193.365714697
151.370751831 230.726758296
214.052744045 134.688290651
169.244627554 66.4393354515
123.550278694 185.312658564
52.1196654059 187.16235696
84.5129584424 80.39050067
192.725748761 184.902094231
151.352486548 182.368922094
119.193052628 50.5746194936
64.9584652876 104.371126012
87.66597186 120.697328188
193.627742161 42.6815901751
18.341892857 159.05304475
31.8039659045 66.3152794528
236.995350627 147.686961306
89.190495901 26.5147257333
189.286225496 124.846973214
52.8240848155 133.049743202
85.6770481875 118.240121343
154.731275849 240.393359584
162.648221568 200.976833725
38.9425646638 65.811612408
173.080941351 190.796838838
225.288370471 61.2845256631
34.2130844525 128.10325409
226.930194325 164.49303856
171.491102336 31.1282096051
218.434379282 80.0789091897
78.7698482171 101.976601891
32.7828796127 135.26285298
236.385008416 128.027653182
240.886730532 132.931167591
213.270587573 138.221561107
38.0855085076 146.018519201
104.970878693 228.175270137
82.4768393864 223.498429005
128.909117424 191.323435331
94.0772363937 193.307790883
119.565935039 39.5641829058
53.2532962452 62.7352539703
96.6999229784 151.482662722
165.630169609 135.949062151
205.864776638 138.332805644
140.49570573 20.2716991747
74.4441149397 203.738035153
76.4812648754 172.127446049
215.946337714 163.105340795
103.475982272 149.915933011
76.1821480959 177.455808212
140.713658788 188.488404083
94.556266529 135.108423416
202.345248315 71.1141448378
142.07912033 68.9630134054
83.51235 105.025246737
122.624258338 231.920893268
233.836677821 174.050268062
194.906666721 133.87040742
50.9336181421 124.107943677
141.164890059 121.030051561
160.462675322 104.735079334
169.186960265 171.42726837
139.614924091 35.6903707753
230.746359189 157.525280711
137.491641311 217.180900377
111.325838429 211.581350978
169.068365786 191.255441637
221.466701548 61.0276564716
133.14374801 71.1141235708
230.901564475 101.468394847
22.9590335219 134.923235227
122.354186328 81.0122430537
118.568548941 183.984984417
15.4320052918 151.928694848
221.187570232 106.567168845
241.909038839 140.061303402
173.939328132 208.418793328
89.5940423244 89.5530785322
41.308496364 51.6372316818
64.3156157162 45.6928469624
194.479074705 41.0404216009
176.948072783 75.4289986499
120.913982468 138.170060105
113.743604631 97.3680549181
216.034685647 123.14342667
214.777490187 50.0615514126
126.911475706 162.639614354
163.316103189 212.554351068
174.754734398 120.075839204
91.0731997941 158.425147805
173.08652221 67.37365605
177.563749218 170.070416696
51.0582707332 48.5234966406
94.5272587366 57.0606853865
229.250747703 165.596053921
150.621947713 23.9992896016
54.8844409366 202.117476945
218.603176717 125.146738803
122.780998639 200.41489698
169.113166032 67.2146818867
92.317035112 21.45240521
67.8369532378 183.678306272
194.667613239 192.367246627
43.9915496938 50.3447133339
144.013706218 93.6753241327
166.392170099 110.798873096
152.158554312 209.650492822
155.158535454 63.509151355
112.565241819 210.807008112
163.182541576 39.2888955654
84.9454309101 61.3732821961
65.6814858646 78.1520100257
105.362716851 175.600119827
179.152104074 79.6561392001
62.7010190949 215.820830929
219.130624846 159.0214457
45.8147291898 139.168273667
214.496486951 152.015266598
102.906109073 54.0681239809
123.205923778 120.318670792
159.815083521 212.294385744
143.805344025 163.516557115
141.006340251 119.786903716
174.610291784 49.2861798382
74.7518160835 80.4180531092
108.665775486 223.328928414
105.067545036 65.5265710995
231.088880037 163.55087423
30.8547444261 108.989650126
173.518278063 54.2703819959
99.4617008524 114.815593048
106.515188645 59.7743367878
190.902794455 211.122649282
65.0950473673 91.2712709111
28.4320549574 94.3747303703
205.50339682 41.654960155
181.786350091 111.415126701
45.5094158523 186.30586863
72.1804669546 232.220629973
186.30876534 95.6176833124
40.2389211245 197.298683554
108.290274055 134.881330272
156.522083019 126.045481628
138.721547551 106.904043252
230.976095887 157.462917249
109.177388699 200.899846156
114.283475464 140.265372182
141.412259236 197.707992569
68.2993936674 66.7356089846
79.2123957563 151.66305941
100.22595975 139.906208805
131.79876509 44.038763746
105.399516557 123.281466679
86.715666942 198.185424854
79.4194113775 236.353095487
174.03546674 55.1611231018
69.1219377697 93.0450915536
86.0473266371 108.109722507
53.0235729706 152.588660644
78.7905324323 208.473279804
136.932815035 243.916642415
140.943480297 87.1920930993
185.623995494 196.961951752
201.339140294 160.331416885
159.183787422 16.6720767368
49.6961358563 70.549218662
44.6189270922 71.4111866028
110.001267961 215.667638288
99.5433454952 113.496025851
128.080960084 103.83107215
45.9951433391 87.9132675815
196.028444175 132.232496401
114.056228836 183.239164198
185.218293135 97.4322698641
75.989823371 47.2668679251
162.614884246 201.179323978
186.352626107 88.4337728187
204.570678524 183.457824627
220.803712034 86.9578888179
188.791857376 188.816358584
34.6621129215 168.019833304
146.500450126 109.018060972
191.855165192 54.7166373761
139.329462862 68.1184249577
206.833043386 81.0272317154
60.5753490989 174.477443429
168.874008712 64.1676400722
143.117882946 22.5766827232
20.5597534905 158.350436407
73.7598255745 101.970863961
121.487506657 189.167180538
211.872127446 179.419827671
18.5542500921 161.528445458
193.265038187 45.4803415103
60.3184948136 207.790801104
73.5514019866 95.3917430546
80.2211981932 118.587989633
196.005791133 223.190600522
106.888648909 53.4553587318
196.007449777 33.9769923749
170.624002807 182.19111802
156.395481799 123.35793021
90.9976856461 181.923129479
110.478425871 211.010494043
221.70255129 112.721995857
48.8465639203 73.2274756225
109.222330995 168.555965469
33.8088124987 185.117966612
216.151392202 128.578229604
186.512451807 54.5312752427
160.566632758 192.468385996
116.496400387 205.679976545
68.8444060524 130.494794467
170.686658072 94.0125746605
89.2188238798 196.318436318
180.775793509 96.7782065781
218.729322409 174.063567702
113.401180179 102.605205619
65.8509916006 122.980001897
197.996160764 190.678503329
87.5694085029 217.423042644
12.8740215638 150.465424279
13.4823036246 107.906854997
43.7969157105 192.879569653
193.69770917 168.140071632
74.852160276 45.5752307207
217.162710433 195.328278396
224.394443963 118.266404628
23.7228913732 141.921270213
150.376578754 18.1966252896
91.8487726565 44.9262454
103.320771942 222.099601724
147.096958808 126.883170304
107.347016448 75.1543977005
122.846213915 68.0743146609
183.412482547 43.0120219329
121.821544719 240.343569389
136.020900703 25.4198803854
228.603954998 149.236263217
112.426635053 188.531493672
91.9237487743 43.7861673666
33.8989885939 153.679848745
144.412272829 207.20056437
83.3226453021 159.736322545
196.000160087 198.277144001
163.287236251 173.897265737
183.933152418 196.060877558
241.872263946 121.06066741
108.760175854 53.374398735
156.732697504 177.358635786
45.4414005197 148.297530923
206.978489029 65.9430561345
182.09414673 61.6042666877
161.879358644 163.478912476
50.8478896076 158.701005304
112.377739491 152.130638062
225.02258217 181.111337346
164.234533715 115.800735899
172.782036516 120.926229936
210.126418828 71.1455292017
168.779622472 88.8756247666
202.999809891 125.611949139
142.195574027 182.502382477
231.77361226 179.66669806
71.295040399 150.942068895
134.467676968 234.349442032
141.506029128 194.622858501
161.494401246 24.8617042303
151.471685875 100.935096447
228.249357598 189.212026711
100.763308832 24.2558672539
86.2153708236 47.3688382687
154.665820744 150.74868295
100.082968893 39.8941581844
231.777820193 106.114048157
60.9097548282 50.1740736298
168.07372328 86.9971942834
132.967202473 143.973119737
162.77491268 152.960863782
66.8367435944 106.415105793
73.1891266431 58.173965078
159.468889792 175.262126494
34.6307735953 139.100682967
172.340245972 42.1981180558
14.8881351734 147.616850831
59.2275399602 42.0933401142
108.977704468 62.7419835012
203.570261188 118.92863366
238.269608608 165.80400351
104.647172186 57.6832874565
72.4257121362 205.668024256
202.161186639 144.774905992
14.8153555591 126.316257766
144.20474759 158.310544497
44.7211985467 174.973465076
197.72150085 220.814098176
135.387638385 194.887121359
101.929708498 74.9465529029
55.502458903 111.265129819
41.2510245413 179.291500464
131.47633214 33.0406631402
87.7477890719 156.937709298
91.0543012468 125.869416672
65.0631785802 35.4417045744
201.187133418 105.239248305
146.275794368 174.23028592
148.819484937 32.1084105403
233.407898684 150.002958548
160.361827615 33.8025269389
185.341712032 161.669853194
176.451402509 83.501400159
183.885266821 36.8171582699
147.916636153 58.9606731153
201.510374724 209.761531634
34.6464065001 89.2093288035
119.02085336 137.664540726
12.4539009621 129.472451622
63.8854948614 223.129016211
82.6763026872 202.81661773
111.095983641 89.5825378818
98.1588880161 205.536186638
211.53787004 92.4521268103
80.0206978751 159.326648763
89.7665573747 166.649164812
123.741165015 148.772652402
191.717424656 106.896598869
116.937426946 155.158543091
98.2779323093 115.624506245
73.5933050578 191.000828677
31.9875807976 126.125873042
195.005821625 83.6872098744
46.9791555557 152.978005503
166.726984694 71.7291743038
109.044092146 196.90001557
79.7743001836 28.2721323414
107.708957205 224.480496992
173.825467483 55.9122292655
53.8064137189 89.4356532669
151.530418719 37.9691873925
184.038932941 60.4022845759
90.3503816256 30.3109363303
86.4919479712 211.621781599
234.927607612 141.20373592
159.320326098 92.8353590505
210.147298292 177.566341701
56.4993913563 126.843701023
33.1558096544 107.994926226
56.5056926237 59.7351408709
30.7307105381 115.468334818
85.9656567066 165.558108361
141.552723948 203.04905224
91.9872462552 74.4212979609
113.332756616 241.444737674
115.113867065 27.4471701242
83.6754810757 54.3526447509
36.4211706011 126.932589589
176.148811057 54.3596357415
123.937941076 36.2177348656
17.6535776724 146.703331281
135.962646794 131.888341088
211.149249044 93.7031014514
236.285839595 175.40059529
147.746163764 132.485732843
97.0976044934 235.139210754
179.601764197 111.45336012
94.0670695894 151.084085041
201.173347285 113.564812466
191.665302152 85.8879877428
209.094325136 143.44589388
102.118854979 55.6918463075
132.971790546 97.8048430349
197.22137112 166.475039118
122.073151973 24.9383548515
219.685122433 67.6817962306
86.1605063107 161.238200416
162.931905274 21.7397978751
164.571965758 197.782068649
100.705986026 89.829649008
226.194178098 158.084259102
81.4037755595 81.4882654902
151.557301988 203.763437866
127.655503897 36.7154260985
244.520260481 142.531425666
211.61635868 198.631123974
117.750612776 153.469929953
137.109966057 212.218634798
97.5368119447 212.236541071
62.5583180598 179.086463015
128.08284413 228.703998596
217.567875396 87.0240372603
154.35008366 195.875981255
156.666106908 197.285004158
52.3956666497 126.446399888
155.583402174 69.1473650842
40.4533456553 190.38761651
184.714459179 125.360176082
73.1065895323 139.607408507
116.905762792 64.0358492837
146.934194707 75.2898586412
93.9897773434 44.4946953165
94.3839927355 206.245089158
76.4552810761 193.459537936
43.7116706837 89.0579433878
181.592179248 73.3501642568
79.813323892 198.82337125
218.319893882 156.700351664
77.650624301 196.850712841
54.0439352589 192.606761464
117.451645628 19.1801411675
59.2082965686 160.610791694
155.345453214 61.2842652594
42.7532591651 193.499994247
45.580453543 126.506206816
170.753108781 225.188375107
71.2114479561 97.8585078314
62.5918022649 158.974792979
68.0836698452 48.6396181261
227.348233755 153.820419269
56.6535916291 97.0375347435
68.2172197551 139.828484287
49.3614867677 64.7437311662
117.949909638 233.714268868
109.570594384 156.567183431
202.761291085 194.606257704
114.657653664 150.963088382
173.015499352 118.051839406
78.6246719971 49.5115163761
67.0660824003 156.229982117
32.8143752231 63.6080679541
145.825802791 162.672700412
31.9001427038 192.666580166
183.336186415 187.006164105
147.818148417 88.2051856195
34.4800172638 163.336027855
224.897475757 174.672283349
66.5360294154 192.64254256
93.432460969 236.17515367
135.685358802 66.1759227953
234.602655963 149.274195548
123.620434818 85.9134891506
158.151134733 169.311245537
34.4158734424 70.3340910187
161.779318641 84.6144744719
121.875624359 127.232324568
71.9319900413 68.8028520063
204.81843821 96.7051915171
62.0119087537 190.921605391
114.114335046 167.696928669
193.533569238 132.343810165
223.056760019 191.350999372
158.808885895 213.49990457
81.1166487451 159.056116912
108.128902443 38.6644918209
45.1732384715 178.790706499
223.739964044 91.1262565206
159.809568783 176.774253029
133.557775258 136.472667793
148.345651856 221.667920059
91.5690855927 103.714082355
103.024096082 74.6388263374
149.423610607 157.674536782
226.870851408 65.4431347773
11.2089892693 119.950322997
181.266713369 140.240218015
226.477937624 86.9690928479
142.439482967 67.8227817015
140.653842762 80.0571066337
135.570924214 29.8890890465
208.402868406 54.4586122067
84.585977658 225.732580069
145.210623775 42.9419302345
159.639930906 88.6957932985
123.42579238 62.4783496873
163.100894223 147.913531013
91.2418327447 183.871645367
220.5492476 166.175378808
18.0117606975 129.953524949
212.989761452 105.309762853
107.119303544 219.713096496
30.9091503248 84.7336741752
156.55180169 99.1791232076
37.7403980632 177.749352862
165.613499799 193.61145628
149.619690145 52.7480478042
237.172211989 160.152293183
86.1668560158 213.306349626
139.256350696 128.529870576
122.872905576 227.072347546
149.071957112 93.834984105
106.733606901 173.315674849
32.463410289 191.375678625
44.7554033569 47.2699614252
100.141693769 221.728129376
147.228600797 239.710270304
100.523845599 66.5403585586
39.566633847 87.0197602143
200.686131059 138.849256437
202.684508928 73.72414563
200.263310691 145.94911443
130.309149777 129.08443042
158.414326645 44.3413836466
143.161677833 85.7530503711
127.690765024 154.213309126
208.792678898 89.8041528537
198.990935016 164.897593726
110.278990135 67.5048922427
88.7698738274 89.3906356387
201.631164275 110.555735624
208.832527428 48.2884943228
158.058131783 29.3613224607
157.938583933 62.7225675334
91.1801083718 219.152459416
86.6388333656 80.8478271862
206.466678336 192.056846008
164.848168154 186.349655867
244.662853055 114.618504037
79.4426081972 96.4660066767
161.425310622 178.382276215
41.5158628654 81.6212591024
90.4213509267 188.205459049
130.480965561 43.0569585482
33.3852356678 117.655632835
175.192914222 108.229497823
143.642066835 187.477395266
83.2977818594 93.1944148726
210.673215024 117.891272321
180.312856642 163.605101765
99.6939698607 116.359431077
47.5540607184 61.4852029481
171.283291195 107.981146379
76.9027214343 227.354535414
24.7996797281 101.899790739
227.115435218 80.1840311343
115.096281757 104.666942169
152.769363446 56.0931235864
86.5197344655 92.3938848476
126.363517123 45.2560791066
211.463910178 170.364636433
98.4972253452 177.089321026
189.966567789 213.221218087
243.162347512 150.829553738
230.57534397 136.478321641
134.61218761 204.787997798
154.015159654 174.418543263
110.203975906 234.973204395
201.202412375 114.761162561
26.4088100811 154.851074657
184.957513466 149.983885602
179.838547618 97.1471692377
143.397889206 19.7498132321
207.443878685 118.420778569
67.9799296164 165.537028772
52.2383595643 127.149703021
150.379113196 180.011708329
187.887354174 52.6162709687
171.844844155 222.976953115
35.9880738139 158.620151912
159.350775276 54.3003717859
50.2230819339 156.167361
45.4698282147 187.460431743
228.932708025 155.563375109
154.475998968 103.53535648
75.5517579231 76.6670300805
106.284688425 143.023742115
169.267078184 27.7542599045
117.618537218 11.2620469225
138.301404784 169.554529793
141.999473392 212.43853623
155.606624055 177.85727152
159.851068412 198.570422901
66.2013337214 89.6229084102
115.419133351 75.4057846103
176.397674017 224.564276533
220.193415935 176.889220121
107.795297466 242.285398439
73.8515182861 178.592436547
47.9058077419 52.1489369398
149.634939663 144.890944604
186.20543305 96.9063182997
74.630729398 55.9616180088
201.364983249 159.657473891
115.44335214 212.747319126
35.7179114602 190.725333628
139.630487967 187.414899217
96.7309380464 117.295971664
124.821827405 116.601591708
135.449173179 130.143878547
24.5805996757 169.974699175
169.087709302 188.956636037
239.722458552 115.888885263
61.889073761 142.273430964
112.267285269 202.906664915
144.568941843 107.279008869
138.561503933 152.851922512
199.897351187 122.108701894
102.402239002 214.893129607
42.4569243019 209.949880506
31.0466501338 62.0995440645
189.849774467 188.402516979
102.09358156 185.241235306
137.59973949 145.642576178
155.413382048 130.232154728
134.661620272 53.1239817702
158.882815068 46.0504206409
163.23598056 216.278894051
122.908607056 117.171660725
236.533445943 110.559613908
172.137005086 156.290680942
86.3006113857 108.310425232
76.1961202705 171.554971697
59.4691680566 199.86106418
235.38072276 100.010014687
163.784926982 137.255367879
185.183312969 95.9246979141
111.577435083 86.7778547077
115.766373701 191.677346945
101.20502955 99.3341463663
135.611743445 74.1890389133
168.102175755 79.4412773298
135.705783806 48.948617348
130.53211805 121.945489695
189.93197494 146.686405017
35.1326818158 76.3615253913
181.138422734 110.384032991
139.169896382 97.3845679056
230.646641872 151.587715318
132.835335614 119.039252123
127.365027857 85.2850976884
179.047665558 80.7013298745
189.519018837 163.615661094
163.213758049 44.879002237
173.365594007 151.585637386
81.6001090322 229.875388404
169.735158448 100.372685955
197.709679524 127.779521879
52.2411302209 115.553912141
104.981974279 97.377304041
122.865597598 57.0474070748
41.0949916101 156.236020956
32.411585307 138.533911399
207.648737374 43.9478541121
174.033924434 40.5290318217
16.3055650342 153.513928495
19.5748842204 152.841565123
38.8420211429 195.036979378
81.2797017876 85.8021973606
15.496248177 143.881621263
198.406403785 121.973494533
65.8232136638 177.355095013
72.1843198159 171.426488814
144.628632395 69.3077634976
106.596549078 32.7133997595
68.6529486801 173.722263291
117.179585395 14.7489866541
217.326078142 145.99825493
203.254217554 137.773715046
188.833463274 162.631936045
50.6934730837 129.525902762
163.509125396 124.528386927
70.2516595766 52.1388235791
192.403821541 226.356022777
137.991112851 229.54900627
192.087228502 107.284947121
201.506859925 145.399874278
232.150996764 157.213182235
59.0556535525 179.26966495
111.842973001 140.245301163
85.3348159851 130.999120945
12.0998865629 150.368606411
167.400835123 238.424507205
26.2204857572 99.5655986767
47.1211067393 207.437657995
57.2613844971 72.2707800533
76.8928147883 104.530248675
112.969015733 59.1354965984
113.18510498 171.763111821
182.619516849 145.29711631
76.4814796643 90.1690076165
154.281541398 43.7936246454
197.961710455 199.770848876
141.758334008 20.1824852624
50.8393032118 186.05046624
110.455110624 186.760853421
244.22580533 125.601101987
92.9702576164 100.619258942
115.07352889 55.4110256569
235.850935772 78.9882206155
60.077279527 104.486144466
138.300298916 32.5666745301
143.952612315 241.148051779
180.253071743 28.719347699
194.621881755 163.241361489
224.883622681 112.475770195
118.247416237 203.889029992
20.5965792786 125.800136308
225.102005475 74.4800788589
221.06069671 172.65603697
185.222155995 79.1259380674
235.236506227 143.308934166
121.128105146 80.3319049849
81.5435597717 80.5292401024
234.792540337 153.805156579
93.7644583969 34.7211906553
115.328045676 153.050791417
196.651730534 222.171498606
231.77413825 104.638654889
111.263220301 22.5557876653
76.4680986998 51.6130214574
186.394207947 161.548472468
163.572223285 43.4969323297
73.9674991802 177.636327804
74.9655346095 221.635775849
244.87543395 110.771707134
34.9188695184 193.985620242
90.2159057281 79.6915350392
181.112992808 206.754526923
59.7578093565 80.436594038
33.0743487396 66.3508695781
226.818210514 170.991603606
79.548791424 222.654877437
74.5336031155 208.367033733
21.8167659399 168.05861259
35.4880709882 149.369312366
176.53629128 62.2143663847
151.604549327 178.505272046
122.28882674 72.5838218424
28.9767659272 178.044809056
204.208531233 95.667409675
94.218060442 110.450027333
17.3067631279 111.585289053
111.786877014 116.376133114
187.073374151 129.365183901
232.752288668 111.840822318
122.549476579 130.880316304
152.937566683 233.022534359
161.58360344 73.4380326115
221.236901948 76.5469925542
173.63854545 232.47329629
147.044978658 73.138728996
207.086272378 130.703058292
88.9521767247 100.618178781
73.7622577177 58.1946657702
134.362235692 26.2912450817
98.0386485914 67.3660168283
124.637899538 97.4546894201
134.559532994 212.851137455
73.0674336969 223.229914303
198.13324969 37.2681007485
75.3916429896 221.218353076
36.6061225873 178.98107194
38.5212408044 101.512875143
45.18965783 57.1019042944
107.451859607 202.341884904
104.429647483 81.8349221971
173.700222487 206.613289249
211.323296516 109.259496614
119.728427374 67.4631072236
112.334459869 83.9470522444
54.8247538265 210.73342011
46.9443154077 147.467845153
78.2026942178 76.2567993601
172.526010941 194.61064945
172.918867479 223.146675115
58.9771316486 222.227830453
71.0659068897 129.66809322
129.129316073 243.570537565
187.753576969 183.905358011
73.8530990137 164.964544131
50.1283685239 78.4921574878
137.567551001 203.186193308
145.049492647 29.5572208644
209.463129349 147.285521347
141.611232489 193.910224341
165.115931768 164.016530739
104.809939564 89.2256088227
208.388719139 210.411161847
71.4129923783 112.027908446
96.0456002622 215.17799337
164.296590747 169.208347776
147.90251959 57.5117454341
187.031505534 147.425701029
56.3945845995 43.8987197271
73.0028327116 70.6511970626
104.134456827 42.7423240031
233.633393006 156.586269735
232.868985802 78.6709216532
139.902647449 34.453503395
55.8226669859 204.676389255
208.091725359 84.8982469505
22.8873639733 113.114597851
96.5324135224 49.6453267479
175.420148463 136.741601162
115.630174711 241.507126311
209.721650811 44.0432145997
165.798991048 238.333125571
57.7304215746 207.288032217
191.87068194 211.962818727
95.4918853992 95.8465525771
140.381779836 208.953367676
168.193869167 103.030968164
214.995781864 115.360487924
190.35182153 186.088671384
135.470893302 123.138155674
120.832613235 85.910841924
207.457248434 156.192271065
123.85734107 227.314519011
89.131678821 177.430532252
193.048209197 137.877392249
242.9874562 137.634692886
222.090590071 99.0302179784
168.480416926 32.826839305
172.99979642 48.6477221652
208.913762864 69.8230566156
197.639819229 105.070609794
123.736099339 202.430932201
212.925315326 210.329665069
47.7583099641 43.9125054788
162.161310715 167.476168163
39.0080337483 117.188768157
153.435107468 31.0603503526
155.545284306 143.441529613
198.419289962 84.0098574183
80.8473784803 182.359194988
140.009683568 48.1831585166
142.745152757 135.333953568
220.229704317 108.013207356
173.648323875 221.898984531
67.7633624386 219.059298189
100.823519737 62.9878442476
73.9259076467 181.37565939
123.657841594 153.680691598
115.275820016 92.3869686449
111.789962519 131.749520503
161.404426254 48.3181305847
93.3074242606 130.385911001
102.952676718 190.619692437
49.4316793183 153.686218033
127.079923248 24.3112103481
152.383386189 232.075907653
50.3807245204 123.767423978
97.3956495173 237.946557638
224.447656859 108.899277198
220.092728287 65.9618485925
217.896045647 191.550036614
76.5175517838 223.43024593
35.222942896 104.176119884
150.457938353 155.326276886
109.459990785 181.68922116
89.32878501 235.285462414
145.008526734 168.914960522
183.376711418 58.3336822906
149.831152739 204.783428694
88.4413249972 188.420337522
224.042358012 96.2786140712
52.1529367113 205.110052726
140.671648668 154.497195134
228.857982279 65.581620732
143.191205013 199.400442802
61.0922439497 49.0855886028
193.723945877 199.141503652
34.1582751467 176.418199588
142.450305362 98.6784078995
76.9394822522 42.1551890712
139.648335265 47.296369859
68.1935978323 161.458802323
131.581946495 216.927754808
17.7672068982 114.722837946
156.199535528 101.021251744
43.8082965852 123.858623513
93.7030695639 37.1945431731
24.0405997572 177.648392635
46.1152607272 57.8976323976
64.0156033164 208.221047793
165.139178202 69.7429037487
164.660953069 22.6454192132
169.548033853 144.112589595
80.3773561026 214.212110977
229.23814841 119.343358188
59.8956388525 185.10011344
14.7851032337 120.70776052
213.702414969 87.5169876853
150.970325026 158.792833724
173.41709128 45.1299769415
226.237489294 184.030074564
141.917477172 86.4570336334
37.9445012453 150.950107937
109.758950114 150.72402702
46.7771037428 129.226220298
38.7967182703 202.471615618
228.000067162 122.068198773
171.893278542 167.485127656
58.2130939679 182.166339912
226.843202366 194.353343685
173.848896607 26.8358768264
182.324922085 185.709187978
75.4234797749 28.3737718255
206.447693521 176.914025094
139.40722018 116.915275198
196.856643093 178.77354869
223.13405589 78.6938461873
121.393470051 115.913518398
136.190453857 205.980498564
182.271250655 81.5482206533
14.7478315015 131.965618546
113.729110519 223.491688339
31.2521925116 122.859656668
30.4337984162 153.730683001
166.151444485 116.378348936
108.493568243 111.803520557
87.6374374804 92.2067620589
97.5669483494 144.315248208
119.626585311 126.205562582
112.910397759 139.675275931
51.3252554657 58.9235055765
178.171654759 160.737127307
208.614750454 208.094176172
66.1467568112 169.356427638
184.515437079 148.950288747
48.5379438385 42.8194916504
161.642354775 59.6544480212
