72.0996994539 172.955672016
110.784298579 26.8483148651
98.6439287679 224.762036521
245.936133277 126.357944912
136.444180053 195.936220439
150.38200022 92.4464706087
148.97370926 131.168196279
105.273271932 73.1310999645
45.7857719244 193.984834477
29.8629885335 75.7767007481
233.845840748 126.942629524
89.4570635368 113.605221458
126.507877994 158.443220245
195.271325467 115.063210463
122.515921132 229.924050278
246.479343695 130.370119831
99.8510896134 143.087488498
203.518254818 175.706813421
220.265700875 180.332935494
18.1719971937 132.856662185
149.738299637 183.13898778
211.636369089 173.980061638
19.8648343074 149.7620773
84.272370301 29.3608452825
210.618063364 66.1080684041
241.529187671 155.176713876
176.370032728 151.551082002
136.011065633 215.77808441
45.711734774 195.888850226
168.995188905 161.976374604
134.463002932 221.76690501
157.489495903 124.433826749
123.002850113 14.6715177172
129.696039001 165.926589563
214.732455166 140.50707113
69.3827744489 152.110581307
144.565718087 222.526925616
150.638529874 201.008133573
73.1431987507 93.0512179326
167.1044201 126.880115209
123.841019526 21.2853717871
189.441722606 140.506134554
70.9396727421 80.7156648895
147.034980921 196.17283933
180.85009817 126.969541939
223.591732449 171.417269846
98.4051573371 165.321481155
167.834853173 52.3921699645
85.9543270223 34.5637769566
27.4456652897 166.796214622
183.911139118 39.1997266801
203.965227923 116.807319407
94.3814257067 150.604748801
63.9678354657 59.2163048155
245.710186879 142.570973741
73.0557325499 127.841729834
49.110516151 181.416710774
140.552666441 220.146383449
184.823147963 227.485827457
175.617846985 45.1886823641
100.405948498 36.2950283286
206.470311654 123.667842456
91.2679245957 145.869879247
19.1403807323 85.5767486903
199.231248644 156.940426191
149.931032992 146.374572632
198.62617751 216.289764115
200.99820708 70.6229278518
102.60729272 224.909898246
235.671808818 92.3187413335
77.6312311973 153.090662444
154.747867706 43.6954648863
173.011810404 45.0588528846
187.265983741 67.1288391347
169.791058693 130.740650866
46.3863026306 70.0021098575
68.8296628507 105.898499704
135.586814385 11.187723006
173.46520198 184.096489617
141.796593917 112.803712451
123.230622081 19.9951180624
52.9866589297 68.3974172165
48.3300439568 133.374146156
192.954508812 73.2312202169
141.305580273 23.4871322854
91.6467860786 207.023348231
173.305784602 235.952718585
66.4590210925 157.732335893
161.318387744 183.364413491
150.693402558 156.302544609
74.0228275249 227.10541378
184.367504566 137.214846276
182.909024687 150.700553362
56.5200241711 96.7840337817
196.423966077 95.1448035543
104.985899072 60.501375148
22.3957115481 90.5085077517
234.104358587 179.577355221
214.752587299 161.12198061
204.43122391 88.975352117
145.024952596 58.543564406
144.224988433 38.4485944217
156.381441595 43.4145260665
140.199766316 77.670889767
132.341113149 166.07230361
129.641296222 167.683964226
168.529406691 142.066533724
151.458624223 97.0956863947
42.1388541715 63.027431469
98.1162179651 79.5647728007
76.3245318786 35.3880958577
20.4642404898 95.9729690318
102.865862036 33.4365297779
213.271116268 201.854091474
117.209948989 124.761410805
160.25943754 180.425227226
25.8765676194 170.990968829
207.603112052 129.914292267
148.52528453 42.9292359941
217.686544468 78.1382783128
152.650148069 80.3664949632
154.894942091 153.278091671
107.35073436 195.274621557
34.2042086732 139.53766878
129.498833108 208.399555578
89.7176015855 46.5759557588
39.7189055749 101.144404025
26.2603789883 161.237614129
133.9727377 237.50332288
115.706015526 211.987121994
209.173344238 180.531154381
182.072609732 123.828703272
39.6629050089 122.496436156
147.588861932 33.0081643484
168.989251778 235.685464066
94.7530080303 194.047424369
165.380855447 20.9871137189
120.867741401 184.670679936
132.05996486 136.329636767
13.8767094722 154.303590499
133.879988999 174.442928802
42.793900903 107.702195998
138.974852794 66.475613682
221.872309994 100.852360415
27.953533654 189.178528914
197.603751428 115.854996833
127.224448647 207.455419028
175.793304539 89.3738940996
77.2421354594 190.733211279
94.3758783718 181.929147583
53.4810603261 58.0700591561
184.265949319 129.169309231
200.89392961 179.241603528
131.688224455 11.980168818
79.0324723178 90.4693419828
150.941755014 81.6730839805
62.9169865713 220.597466103
22.7347124795 109.095694857
79.1917720224 123.984041555
65.0079271053 60.8995924196
102.061432536 224.663160275
189.099309674 30.2636237709
101.920426056 188.631900338
67.4451779349 86.3426513632
131.452463462 80.1562889718
165.077835361 96.8592762293
65.6075068899 131.87648105
111.464433172 159.947713666
178.649153651 122.547523303
157.361232949 70.1295196175
21.9001924518 90.3761243823
139.887985781 131.538848505
153.049968417 165.875823301
154.0598465 116.430466815
86.6894892108 47.2953538422
116.650142112 89.6308588334
53.6525977674 127.265043898
151.174466712 196.11744853
148.500274077 243.666769379
157.878585788 128.825564586
231.547662652 167.935954656
28.8845165791 100.590889379
126.927028307 100.891283883
146.487050109 25.5567636292
114.598994288 197.471809301
91.0564065292 117.957934345
27.2193025111 160.473843642
181.570353751 138.494074705
107.332863279 71.1371364898
46.2925799026 200.526260992
178.477835957 27.0023632119
214.997328485 153.505827649
48.8831604972 69.1740072677
144.205059418 194.441894081
151.009276817 228.988388881
68.4425737004 31.9464083329
210.117509082 86.9981637966
201.958907003 109.631809767
150.032674123 229.993921087
193.316201142 140.111739224
92.4654085033 109.835973925
41.8294546749 196.544546911
129.689365067 18.2895210675
140.672819227 152.830477293
45.3545703855 173.238580941
176.529237484 182.980271546
117.195749024 102.992821429
140.509815589 155.069080381
172.954819631 61.4740820828
113.902391114 194.009096552
143.565558845 182.043391797
95.4439604827 232.530568203
227.940855416 169.392614528
43.10358052 76.2385025318
134.599623524 126.198018719
150.534736491 108.72338853
128.359752733 41.8921118486
192.653947854 66.475315756
48.8572912314 143.516324403
107.40312893 234.204336867
50.0833071848 48.2709568061
123.871472353 180.404948285
78.8482496033 60.7965213272
128.361277975 205.433234211
110.53610848 52.3262292448
38.4799331502 126.075084116
189.059091855 167.359397502
81.973302001 196.314737665
217.804707975 139.79654277
58.777841559 213.335567867
133.061267022 20.6408351169
113.400783009 73.632374545
225.956780406 182.20976696
176.06605133 165.955998065
239.758830204 91.698629389
225.350687603 82.6652758421
122.249682807 164.503191432
89.8476906253 191.569884276
150.623115124 42.9508175739
25.0081253943 103.799991016
95.1277412847 153.128638971
148.199380918 147.08958631
52.8702120042 41.1511059612
193.783206568 38.0936134101
203.642873287 207.004524868
169.2770934 227.079966823
149.431529067 98.6234693924
173.569374169 96.9408343994
116.835722505 221.432943243
87.430890636 121.87528528
69.2523541646 93.4396113718
161.27584951 240.50290077
195.199910059 41.518457782
110.209829891 162.361637292
100.801930589 214.596044889
170.625588841 200.399158611
105.960283805 85.236818368
129.311555574 168.723646693
188.57190716 141.670547409
38.4033782928 156.02280069
66.1458728694 177.079848097
213.872065075 166.08852989
79.9690899942 172.067820022
96.5440794422 91.7492059212
16.9143105297 141.539557215
179.48262502 51.0314850816
114.032600705 34.1325151004
156.086627534 77.9528575098
202.198218499 86.2220114943
81.6181075116 87.4049082959
165.472970783 110.873029238
81.4130662459 45.335163904
167.539601553 139.243590284
110.371566318 150.408187143
77.6999629328 184.708330913
120.551816196 17.1291089304
131.745794511 239.948711736
187.414075687 125.491109633
163.670018169 130.989566971
235.364437551 97.5856720003
64.7855216268 92.0730579886
182.599320182 228.136818447
110.437504388 31.6917637112
106.542521675 124.215905513
132.06146138 240.755877718
159.99125297 209.004578555
117.024874239 51.2934629613
210.518575167 190.651641444
142.931895092 146.634806531
120.56899267 89.0756878382
155.958293088 198.332285964
203.086718944 76.93580088
39.9898102189 201.762923422
35.6536949041 113.609943555
63.5129975866 194.60431677
220.915560065 125.894894364
40.6876298742 131.11572895
165.032657365 134.622435952
88.7268782773 131.148992773
199.726895712 154.7553705
198.710960113 36.9563239191
179.756852356 103.036763561
139.3178112 222.815462424
216.400653541 85.2919162854
114.955067795 139.483685634
140.917666818 198.051087458
119.657245003 197.157809618
127.076544936 98.4381818435
76.8185174395 49.2282592821
202.79632572 128.22353371
112.066970885 113.934113289
209.134391776 97.4184671634
102.156512149 25.4310759163
127.331992768 20.959954586
72.7242858475 58.0921639692
53.7356310421 56.9955820285
99.8948693745 156.089825358
164.140841529 39.0312710834
134.60540643 174.686209865
205.97488751 155.020341669
94.9357613761 41.875129052
30.7384795727 131.795816937
76.2702117373 137.650804187
185.781462199 192.341774036
107.870925827 101.500960823
126.300292533 204.070238856
96.9488787796 15.1196185913
161.579533681 176.978125577
207.821491273 62.7924928775
114.620667435 124.738683724
91.0917305954 197.144417527
20.0606043004 119.48173507
226.646051101 144.081927077
122.132673517 61.5023567883
132.919707558 106.668899079
219.166393626 187.127839785
119.285552194 174.113902972
189.196940813 82.7631848846
230.408191552 181.80129284
190.299631899 216.767135617
89.9992650878 93.6476092454
139.034352015 50.2129393227
66.6023107809 94.1692398729
150.263026519 40.4535642511
193.156279021 162.629852315
157.846083572 21.2390396085
169.49207547 42.6435943935
88.738611286 53.3352020607
190.397512086 149.973453409
33.459917804 161.482148097
107.595740258 93.3935540837
228.357745554 173.621403618
141.509151021 176.745963564
29.6755389201 87.8696148994
216.385507742 64.8821329161
107.168932947 146.636639255
34.0248086187 195.750533256
96.9802524406 101.368278679
75.2806312136 101.162457418
45.3948627656 57.2347960704
25.6092129833 150.421691952
89.0354665799 183.740469169
98.8963752362 158.246899835
139.003833456 84.218396299
181.417137759 78.673584001
52.5816274491 94.2666674308
136.260591581 107.587825799
180.822229312 81.2632979241
52.9359074787 201.284873209
49.2721856736 197.479508085
158.747955882 99.5245390416
115.033179251 169.845546758
78.7455919312 63.5302653684
118.720869251 172.41716575
215.959099227 191.36080829
120.811217539 171.799666657
214.948738 199.747460554
237.984047623 131.84879992
95.0080584235 20.3757988402
164.57329551 185.897065303
57.784954049 89.6054151244
82.7728815506 51.257052729
184.590326105 56.8823039172
185.845540423 78.9193400743
104.657258563 22.3162525954
153.588265517 215.802318437
134.725380795 134.428800528
161.483150605 37.427780534
138.4729305 99.0983825247
159.742417223 75.5110819777
110.226170655 145.416397044
43.3291107094 186.892689943
55.754037548 171.705006794
208.870309204 99.3592336869
56.3349094983 45.4558030585
31.4881189861 170.575376843
38.3861719032 196.622014682
195.299383053 111.498273632
190.808444834 117.221084299
88.5288672358 124.806116799
85.7209001113 128.741449842
185.523146549 48.8648517095
216.173485563 65.6969659237
204.8162529 85.6482428813
215.568555221 60.1205378196
120.867883627 202.164827931
236.000099844 160.329367855
185.463426573 37.4642423899
41.2286441959 74.3287705074
178.172969869 113.026872561
57.5851311339 126.129709824
82.9520043774 40.7579911866
107.380931424 160.755503265
213.351634571 152.222376909
110.551255225 51.9518453929
37.4179050183 141.887448133
232.081965292 97.3196515713
52.8046369359 200.194883059
121.488607993 38.1779331652
212.917621611 186.322486281
212.008124814 207.046276387
182.146554482 178.582771792
139.507300791 152.907936021
106.288474514 139.588185223
118.885960915 36.9973726839
195.141472087 114.1775954
146.166602794 59.9994056077
41.7384671868 171.566843271
179.769108343 169.580416342
170.814812448 153.129556001
123.346273731 176.089754957
126.692451989 83.3835326054
131.696670473 146.099990877
176.620858973 149.797461493
217.5097931 137.234316802
109.37275907 242.014766894
187.011169003 174.276099552
60.3120910986 121.032791418
59.6940417403 182.596402262
69.0511493636 137.849472448
86.7040182661 162.980842682
113.876559233 191.331478181
207.733024265 166.89583646
146.825472967 219.175266625
60.2769207782 46.0812503216
178.325408576 111.001246753
148.968041683 108.717905604
168.440319731 146.975236791
188.869194502 36.7388238448
77.5625923797 151.493146851
164.130601102 137.999211127
154.841899822 16.1430285859
202.223092569 164.650592351
185.143321923 36.8587041625
201.948566632 59.2022052391
230.501139626 78.8507143142
210.67735554 46.8884151298
110.230261173 91.5882667676
125.863962536 90.2014119355
42.5334553457 64.7298442893
60.509539322 147.137393676
56.8273433122 60.844881168
155.875248691 14.651759882
175.935925176 228.659573137
178.042072696 194.982692701
174.073026691 128.990615588
30.5812091121 169.333374
144.108639833 93.9121678822
148.539477526 26.6277036797
72.7827276597 153.031095984
105.807849884 152.699481697
69.6630921446 159.582709509
197.199350241 58.5450939527
53.4329522281 185.997442105
134.536568673 173.809209551
96.3223612201 132.501190916
133.153402791 126.688997649
19.8467974907 148.364418905
147.030776719 136.476255854
192.053576324 212.443394923
223.322797689 165.585416932
203.658622415 131.482133843
114.972669631 233.142003221
57.4264313502 161.836911427
79.318147072 179.789938128
183.600222209 203.210247405
133.227946941 82.9038075251
36.0581766062 185.783866244
22.2196718085 110.577226437
69.9493884406 55.0803708786
58.9414940572 52.5702833305
51.191172751 75.0823722808
68.8400438327 159.730057633
129.560917168 224.211041914
131.412748612 94.1208117632
167.726896122 184.448486186
222.323058065 125.229558607
71.6107650554 115.657738129
196.054239975 223.829525518
188.029184552 109.157603181
87.291158757 24.997478955
121.884722301 100.587122118
46.7719980929 164.749630705
136.464636058 138.094418834
166.412486146 95.3913933762
200.707296041 170.156452766
113.450904944 108.775204744
169.538342292 34.7696033696
73.1588492843 128.567365985
82.8357680576 85.680415682
143.361598103 231.096315683
125.256531677 152.317351446
47.5559910192 184.134112763
105.903152992 112.24619863
33.7290730385 133.077128298
23.483796971 116.037112557
158.865416545 167.249205995
215.751778215 197.938843206
121.955941005 54.7523814351
41.4867383331 54.5988237839
150.497995763 139.895126977
86.1220420726 76.1676165233
205.854541023 86.269893775
17.5476252742 158.102338165
150.608808205 161.447081725
141.085772766 58.6906160552
63.1057724801 41.3477719774
122.733069267 150.226770789
111.515966741 194.919860807
118.248280959 246.43068021
17.4566551335 164.697311875
49.670993399 53.6500702067
96.1549447368 114.303400651
214.522741128 121.994208255
158.702417751 21.9193787713
230.548767264 106.055269717
166.880596484 36.6627972352
165.840752547 79.3804759759
214.415118929 81.790853166
94.3934652689 148.80163133
40.1299750297 52.0247469752
63.4650773881 102.581807352
22.6044192208 124.629476241
16.3363821524 114.202722139
135.483668617 128.907807684
61.3886142527 223.276646466
42.6102093128 96.9449794585
44.42616054 165.845609501
112.728540472 25.8646911204
53.6886376282 198.985657389
81.0064986333 73.0380589085
51.4211064475 42.2879372953
162.540687986 20.1863532353
214.293354198 129.487234094
197.32452712 153.103313113
90.9085786005 149.937660032
112.381961637 74.2686154393
110.138537608 153.064135922
54.9031116438 52.0574650981
48.086411217 73.3545925199
136.726957079 160.916040487
85.612170569 181.461198304
134.378878154 32.3951140535
64.0905953619 98.7228407699
155.910197799 187.766102697
72.5289432692 174.736993536
226.638806448 188.475190869
115.346187607 185.897878142
94.9837359845 149.552665558
133.917754472 61.239024281
59.5836469551 165.802644168
81.3888422893 127.385006088
187.643705775 168.573408788
80.9712564195 21.6526820372
136.775413432 187.186214049
74.2597627568 184.62175202
112.478158206 62.1258608292
85.8045081529 184.195098719
57.9249790825 41.8997568801
115.666236563 224.536122674
163.774182169 148.517505894
125.490238957 154.082782181
125.480626105 186.471344899
67.3687990981 174.892450739
163.23331351 87.8841110917
76.7115105888 39.9458190511
129.135264948 67.6388997373
227.345368695 71.5669081359
88.3713535073 30.6814478465
210.007814945 181.016024098
168.088012562 27.9579612451
138.96048308 234.048246066
142.978037638 86.5590656311
187.733215706 175.12545707
204.296264364 170.319674598
21.4118749518 162.114721156
147.662884527 141.487379577
125.897338234 192.064623513
65.6643679658 227.586871161
86.2101895592 68.0608527155
73.6498661502 196.039823981
119.384928712 41.3155435921
86.8390753703 26.7115562412
230.574731794 186.481264661
179.401852382 158.762015039
130.493581727 187.980155028
101.814308173 190.500759083
205.502581036 154.043047198
175.182074174 173.864531566
211.678876178 126.322515682
215.120838945 59.9020149048
197.485484617 75.8048802004
163.965514359 44.0450688586
78.4129089791 218.098445191
100.232989164 109.09657507
210.770451219 200.386930401
203.290419633 197.194930333
119.712626642 151.12019878
190.674335453 165.870996203
193.795759399 221.44213429
195.815943804 121.826462335
182.833760989 146.005084087
63.0369339456 203.0394002
68.3168011059 65.1196457138
176.620772899 121.172943569
149.856345704 119.677397332
159.538594041 162.213383773
58.2014302405 153.593975642
128.485719284 61.5512239611
222.14502461 102.882897101
203.132456198 105.560422839
146.436495975 49.2066582424
158.492928776 196.71579339
205.266695242 91.7644843767
107.958165024 34.0737487195
199.625312195 85.0442195717
191.961566974 97.2358720441
164.849079382 68.6753225583
194.584679818 220.197780838
175.749885497 25.7460826988
242.258491344 106.032425664
145.765210317 232.189964462
11.1061056315 139.630433807
103.46649611 118.681950857
56.033751415 136.809583868
188.301821861 185.303324311
132.651517932 238.009484041
209.202947534 144.525211309
71.4359881859 61.6899404285
47.2333287692 179.293344998
175.773431533 46.6480244241
115.12445362 39.7055702061
82.3288199864 183.76444534
31.6885851366 63.7357512251
109.301551297 226.63298074
149.60157575 28.771718224
48.339386406 193.678637426
86.9293886528 203.853161334
172.883027617 196.800331448
29.2230222514 141.573305603
140.899240652 189.432799609
229.371020052 147.980728063
173.106684589 89.7778283046
74.7631380325 69.5111221124
19.5534296862 95.5636799924
166.147935554 172.912879881
88.2398189608 103.45209518
202.766686931 103.141142929
177.772020075 68.1661953255
186.499016669 131.531611979
75.3672921497 89.7380799959
96.6727363766 49.7303200402
202.810281576 83.573380291
73.5498600689 37.4862728211
99.9001296174 75.1285184639
196.678327098 72.1986587433
70.2177155399 50.5579501425
106.982595323 81.8684046658
144.355143633 222.007561781
113.635590088 70.6551486293
168.564970614 123.828209949
169.633758867 33.5982102669
182.33116515 32.7524847476
196.531283624 109.687377332
75.7237924845 78.3175632482
48.9762854888 52.8984339811
75.9252094134 155.906498344
137.414764467 69.3502195619
191.004167011 200.231046589
226.373630263 184.627824123
21.0958346962 93.6515015959
70.9783307349 191.231327549
85.4238314664 60.568327231
91.5791388495 126.957002497
147.459452206 92.7954516977
144.603292834 99.2673991502
149.494854491 169.691929549
202.247546111 129.897366299
113.133189542 31.1937089799
84.9739789886 23.1872547876
228.89512585 170.23968933
73.6450863395 75.2417554449
228.043670981 95.7752783202
222.961859163 140.04037752
64.3771834157 135.162907728
84.424097019 22.8677149826
74.1839529867 134.936825068
91.2395698961 214.691621714
100.276073186 106.800439673
172.202227056 106.037125621
185.691555329 76.2635879068
71.0120874206 137.89393052
63.6706051982 190.342950136
146.216867117 151.764123185
173.796459667 166.595664081
241.641838929 100.603843655
216.622758517 115.049796026
144.410380542 114.898947508
208.464634518 178.895696628
29.5103002791 110.345776682
179.979834722 156.532239104
30.4611039808 119.669584081
86.6244525568 37.7044750055
193.122545028 54.2545571937
79.9355403049 31.3735846902
106.349737454 62.2830643503
143.507534604 47.8377775287
162.31701363 73.2994253335
56.2121307922 161.260912
49.0432093484 78.3750302696
168.120831158 177.71002138
246.061875664 128.691059726
177.301937024 188.649761732
111.30363998 26.7755655806
57.0675439989 192.405832857
133.32945498 52.7395944833
152.487482334 223.746636988
173.809176764 31.0351480048
239.771364304 162.565475693
202.838464236 83.0103207438
31.0071874659 109.487233351
72.1187945941 32.2143213598
54.6724799274 154.235156071
118.119778485 230.705132443
153.263590632 229.155141836
128.325309136 176.101927311
178.568227911 184.080038932
57.0494218762 159.6426742
125.059937644 46.0048344152
83.661953596 226.448962316
67.5895611986 37.35565673
146.2525186 130.939615007
208.834716569 80.0667240131
89.1897044009 119.063825981
119.715944068 200.37928333
165.242627454 131.383655606
56.799097035 194.379800999
45.5243201333 153.844736986
219.015553955 162.566800494
25.3406768316 115.810114352
112.241709728 155.524410403
231.061312823 106.05191737
22.8684323147 86.0489644345
52.067803811 133.230907143
85.2548897005 193.809899935
78.3964908032 86.0153288217
104.117623807 24.9142480094
87.5701630062 146.6531977
170.199964405 232.527894761
203.24068563 182.514010066
181.427917282 56.2463947486
221.263120302 109.109933411
58.0852661034 118.753854835
87.8707221969 155.488586046
102.910041925 118.351166767
83.3124303815 121.451309693
172.957393686 65.7538438074
131.965838777 154.851213931
88.2029073949 169.820829655
219.535517772 110.55547317
106.025782095 73.6671290357
158.972718094 213.602716155
186.358718658 184.213886121
78.2248241316 142.918542458
112.623436673 75.1629710358
128.32298922 114.150810448
141.006095635 170.234154819
235.981348382 121.177530397
191.680849402 152.962510362
92.3499147703 236.616353647
170.517081702 99.0060362231
84.9887937966 55.5010376567
93.148505603 158.766545147
125.56117491 233.81857224
73.637493915 164.08508897
169.256446974 231.576514386
214.881962167 87.7663450115
221.547903158 59.4421335338
188.642988838 98.9076103857
170.863594398 210.172695159
235.364236427 107.65138214
91.5292947091 24.765652183
99.6995307104 44.8308764964
128.021381529 10.6136506664
155.77035066 28.5826635017
194.744399976 139.753675986
191.806728282 168.15333792
211.692575215 202.213444623
42.3242741515 207.471346756
218.864641074 53.9392038479
35.8285891843 198.563904156
45.325450423 194.949590889
74.5685253267 182.139911721
129.165228973 221.77504369
123.375980201 190.970939278
111.48206351 143.938711733
47.2679680157 209.232566655
39.2728620413 77.6808968263
116.979439998 31.3217608718
74.4370303287 107.247338636
128.259244513 27.6232017511
49.3161171566 137.393147911
107.660681602 51.946771618
117.426440128 70.3914763872
158.874427589 71.5024250252
127.538605716 216.470279957
229.384095284 109.823244814
210.365773178 163.304176577
113.754326204 144.310924084
148.304748047 61.9780681819
153.820905125 37.6300551954
196.483091331 60.0002796204
114.217419196 174.492894286
169.970226344 33.6711058273
216.108403445 166.490021557
158.282512822 51.5935947108
164.043763194 234.830647993
28.6171089648 107.980175564
38.4911897121 169.817248685
64.7771974608 125.90261033
68.2099321071 72.2567931799
131.54353865 39.5231670081
98.271825132 83.5316875779
169.203420339 194.065579473
64.9295337478 200.312961871
176.655270031 45.6572419156
239.969996212 137.523426318
94.1428031211 126.031625754
17.3930011815 125.697523974
116.770811367 18.2159856077
229.122722401 134.254443266
32.4892650087 183.805659325
165.248492614 221.190490378
92.3511026531 195.107478179
51.0598276861 213.622512836
129.929366429 121.679720053
70.6084854549 77.4252086164
148.104637841 119.969449448
156.570728898 201.278710813
96.8836642444 70.3640455697
136.260384851 108.777018312
181.097605357 166.299619359
92.767910313 88.1571508324
77.6787278029 182.032305294
88.1874885524 230.90584587
126.693010117 207.242157957
160.06877329 90.644570667
186.789075777 187.454082042
84.6382006273 113.243676013
223.39040516 157.052250687
97.3480484776 219.854542692
64.3590282094 65.2981734024
113.215876237 136.288293351
180.691020532 161.434293562
214.440898618 158.650919738
177.617879048 232.408627949
121.069769257 41.3599246515
240.161329669 135.516588834
213.228149584 74.6861567506
138.031960558 237.963082698
43.117628577 72.7800695884
195.700440926 88.9135202866
18.5080812934 170.201871118
164.509426151 221.77553744
112.5816463 34.1289659741
71.3190577675 171.039515784
37.5968616969 115.918531657
114.110499552 224.04544356
141.37202203 72.7961221942
107.97817136 202.058980301
140.851761202 108.219044116
173.093178719 188.041603777
124.467808776 15.185387873
164.407359878 89.9317931103
150.600630556 212.683904302
175.425573951 191.14337314
177.108085141 176.60221619
195.494651889 35.6887133409
39.8409648269 151.217988519
125.978662915 130.20497774
147.479505495 222.046697441
52.917340972 168.542177368
165.775536008 185.191250128
163.921873981 175.51037088
16.0951388113 128.007648697
136.317799646 112.7232479
233.927799271 130.796175019
232.049232865 159.630740976
145.517069264 126.175609423
100.427267766 165.201660487
173.023155952 237.204642974
186.683460829 211.660696485
85.3207825627 170.214065792
229.975822754 171.614606932
115.788157289 39.9285560006
201.861151293 128.744253896
28.9998213912 84.3165425617
189.868843476 211.052260906
75.1884460604 101.841340401
67.6678753778 108.680403659
44.5387847592 204.420638781
81.8520297341 68.80405794
142.510982178 51.5274952397
80.2378231394 70.2825437448
44.3644117119 71.3781190045
215.059323899 174.542598865
49.6212117119 208.2692806
134.389819059 188.566061607
205.385198326 50.9353664712
108.971724834 81.7206366746
163.202985635 93.9923555399
99.9438408537 36.7215766894
174.361622381 69.0631723227
147.193068644 168.188918758
52.4531257882 38.8875218895
75.3273300431 125.792670055
13.4493056066 147.609346845
20.8121438048 109.603720494
167.863639872 78.8207759897
162.084834679 66.9663955778
79.2492935792 199.302584196
121.322758001 75.1777320469
204.336153267 108.288919694
131.059929929 87.0101557876
96.2352226153 46.3176492471
46.43266957 45.7256992724
239.744289554 140.409564885
141.668623486 183.802061649
106.340532156 39.9972604924
141.880056159 112.168911073
77.3704486833 91.6901083168
53.0102963159 38.0121579092
162.123359799 44.5647312772
133.321453851 116.698075531
213.455027898 79.5109623171
50.3846145664 97.4270295041
25.7443718774 111.185349089
62.0186292928 106.581353119
147.479286438 186.980212558
182.577622857 41.0109202813
137.889759573 67.6459558673
30.0354199008 162.020583668
217.800554452 182.690288986
36.4465242543 167.121494685
43.4575260772 195.027538046
47.7903087618 116.414027383
130.988185514 33.4346860815
84.0065069417 89.9328931828
54.4702951362 146.14037848
124.816036179 19.6213363887
223.414106285 159.228743232
93.2608788605 165.848510951
190.174552652 68.5548615383
202.031047551 208.577184826
52.5949748886 115.09262283
177.611719962 83.6254316783
152.138129024 88.3262772233
120.680460569 212.811017566
45.4719717994 56.673904311
103.56638283 202.081319081
44.4853870936 50.061230224
76.466334428 30.3421145878
46.3107200032 112.626252927
211.079676754 197.261989226
209.243966639 72.6136956241
124.944066251 146.37385512
75.9209027991 89.604786351
72.9677571273 215.618232069
188.541037916 170.315503112
108.385277926 218.70335846
174.85572496 90.2209320036
144.693975326 41.0846863674
93.3776692733 165.844228113
143.699469317 172.193460848
73.1555745094 117.715521084
114.24867353 74.7075634864
230.216575551 79.1844126761
171.636747207 193.943444755
12.4647342747 118.186695264
151.16577117 82.4628646182
135.662319273 225.087012573
133.039324853 98.4582184365
102.269271843 115.218160814
66.4055692494 85.2270850121
121.780700598 151.967434669
221.219191423 162.735064993
166.827846034 54.2776692306
155.110885424 92.3924754191
204.490730767 54.5985071861
239.364165241 115.343975319
113.935939514 228.257255426
239.404611618 96.6791614602
185.721521329 101.188664303
223.78286825 73.9208152341
93.4971316401 151.347510787
178.905754749 173.412387976
217.105606523 66.7046368983
56.0859674561 175.153051573
119.696070658 24.7848898007
176.129489097 235.305051209
99.6899677306 168.267600112
200.821860805 84.2904815694
43.9804097375 165.918692683
54.7780846875 88.0631354852
96.8058348575 95.197596856
113.718005512 178.504889436
194.202685751 143.986496485
94.1237755763 186.918196284
147.562668383 16.3507924131
74.123861854 111.787469319
175.165946975 168.859862786
56.3898228405 215.138536995
126.904821642 215.432496434
178.150179403 235.792098122
175.671570081 46.4684501536
213.617178463 194.673516092
165.558567393 184.74547626
192.053599087 125.933796604
171.333868797 72.0715079736
95.6728990832 194.943758877
99.3537240962 85.5613452208
79.0963665665 233.87154772
166.92197452 83.3533352654
90.0670666182 214.633405796
218.264550571 184.784447689
51.9416915431 100.654885637
206.361899835 144.746706668
82.2803964475 170.85745491
220.27779552 107.184078427
90.1305540524 237.874361027
77.3981411296 205.182596456
194.295404836 183.236638695
104.942839222 33.6236684529
133.100092174 14.0724362705
211.796699015 175.047185333
170.514470934 77.3747269319
109.359491461 15.0693835251
188.654004931 173.381921935
160.507818514 97.3385865932
191.960364354 45.640329952
182.228734066 111.755364058
152.468150304 205.105215858
146.452085735 19.2620453667
39.5261934289 141.556917604
120.205221666 156.138464874
196.16218949 223.208915537
65.341380203 127.458024611
208.935280163 208.285112302
88.8496357849 57.874020131
141.715839955 207.718798236
151.64811935 166.489634935
212.752020185 93.6877851363
146.900483222 78.7938981309
153.344184583 44.4797858888
122.797646801 12.4179102991
152.862835196 52.1303007374
134.887682329 178.350743885
216.150328892 49.6478516932
46.8721104505 177.699392975
231.415372198 150.006227211
85.1673330254 202.03451148
180.376128855 178.909091024
91.1948135165 187.635529205
195.624953498 113.921202359
149.604122854 215.930641757
23.1631033569 96.3784327824
70.9074334888 231.966928536
119.86811202 143.491172866
136.467407264 142.786707308
60.4679393477 173.477228983
220.408058126 181.32564412
141.595535408 116.452499115
95.2029962079 44.0404172384
193.893373852 212.471871242
222.310231529 137.56888386
43.712644189 113.230452083
22.5357244267 166.181345287
104.47445296 117.33581788
173.708824876 195.573610118
91.2927357269 79.3191194159
203.114255308 203.68767234
214.051783459 173.365537448
104.673040131 110.403686868
130.408484847 219.072154435
127.175844323 176.965376746
218.145670758 82.1327849332
225.944950612 93.3345297817
134.847056337 227.616691242
79.9152381024 48.8720274458
111.026808902 46.595645279
45.0087528461 172.635802861
87.4550570885 60.5115071894
38.0214853014 75.6530021927
16.4696023147 112.864907369
142.827536593 52.9181639513
170.442537941 163.025607038
44.9007464035 197.978477129
42.7454209484 197.566176092
50.6801053771 140.058736041
123.386610999 150.723825142
25.7159923955 182.183435249
214.646265718 110.470997666
59.8648398293 97.9020702316
123.874457316 174.782153742
139.990658688 57.3333841328
200.703979862 119.882322781
115.064732131 227.364271946
125.600942888 148.133187462
228.527130635 118.961135896
242.808952967 130.925579836
31.1715420021 109.296964076
236.272455043 121.423584689
207.929784179 168.827943476
55.3562698534 103.172012654
135.149077737 180.460747258
155.598892509 121.62836546
53.8550185718 72.4497157424
187.66044132 173.790656854
126.457462611 220.235842594
202.848365772 101.185607931
185.534540823 114.149640566
113.50687399 126.998543575
94.3295406627 16.3376820344
79.003250959 195.378329098
157.145268204 236.002606714
72.833930924 178.765606388
194.435379407 37.8175490615
97.8879787298 187.912488233
203.616078737 124.634211561
67.6255495815 166.780515985
124.357506707 112.262447311
98.2136739105 224.703053184
155.096639535 27.6966580506
215.837428229 50.7810398587
169.333305582 149.200670291
155.515678019 38.8909396561
215.307937914 139.005447755
132.827940987 139.754464169
98.2825592709 231.892361426
119.450724049 107.282813101
163.129060765 89.4185719488
158.864293599 113.583597595
185.585059911 220.883176001
197.795607816 72.6688962156
153.573325485 227.636975305
104.050487919 206.488703106
74.5388417271 201.439659293
66.2029904645 28.3442911135
204.279834543 161.298453243
169.10889304 186.987225847
116.053566614 90.1371774636
190.864797289 102.64690161
101.525180958 150.184026317
151.431637896 147.417170331
150.300870768 185.987908876
131.712525851 48.4462256604
176.217672827 227.206714993
130.67620061 237.14756932
35.9080484379 66.2325767957
39.4656152775 77.7241738909
86.9114403525 18.4956449879
186.723397918 211.647202436
38.0444581254 173.915745261
172.910107748 21.7739859269
155.05451512 201.990963894
33.4783514152 184.939055334
206.941715462 213.903722166
79.743923559 118.602245533
80.3714975782 231.980335534
164.173025112 223.004258
167.564821733 141.486546089
102.10248404 234.543743009
59.6656764962 105.976588605
192.845907461 103.285750131
124.80168131 26.4879790537
108.565470281 126.245836387
182.335209883 200.284797575
172.355104324 231.477175635
130.420749876 113.363927921
153.247093199 215.360205938
198.210172768 223.596158412
177.604392342 234.227857757
34.8790092056 76.4172786096
47.1017022616 51.6366117604
218.285858902 84.5519850046
210.466612035 61.6215110307
166.130368229 173.548324549
17.9999173604 106.33013528
232.168632461 108.518681403
241.723475558 126.953669976
179.34661864 45.7182926956
92.2276108927 20.1081564127
65.6681319554 70.5248602969
171.790903694 147.2045824
49.896449511 179.448775125
147.885449714 229.565154282
52.7550575565 150.071362508
217.702290706 124.894756082
120.408861261 38.3780614017
118.35164928 174.688790026
115.837502823 169.557215554
157.847045697 133.507882304
93.5469732376 209.631272621
174.148938044 41.3276653644
151.693641153 59.5140951126
191.90468823 70.6562020473
127.677440604 198.921672325
140.977217269 33.1039334237
69.2835483635 166.860430019
46.4503685289 153.701417
146.322831696 161.110411635
180.0658218 130.708399192
32.7594154244 143.470543663
204.995194529 197.235786205
45.3613479389 156.638087413
65.5230181312 82.6668946849
78.2397953888 206.410523437
31.596945595 65.3495851065
119.351870927 241.680058902
121.85852072 198.822251877
93.0890115291 200.673563289
60.3914396081 104.1365865
221.169628276 66.6471008229
156.679533743 211.917047554
118.180101776 160.495604484
116.659423628 125.904026774
146.310692266 72.1581138333
36.2175951396 57.2192754762
57.5516563696 89.2375843309
207.109862563 45.7976496745
111.208815765 55.3553933211
64.736127216 121.499076103
191.652508987 35.1780365123
203.317810987 213.492579502
148.042012285 98.0027312046
89.8162626945 195.649935868
221.997804851 159.647281004
87.482351236 35.5673027429
186.432509115 181.412131214
163.046099373 176.428368833
122.570912459 123.475757789
184.986404598 227.415898632
89.1500397987 133.240659514
140.147428102 15.2352516988
121.881922353 234.517555688
126.514212184 44.4437594166
125.648931235 193.617504475
74.8356725052 65.2506872314
190.748434857 40.5934116316
120.920535869 219.842180529
184.940584413 164.243806615
26.6720519936 116.342392455
68.2232529471 175.28087035
142.622322656 194.974130676
148.735900254 196.874935521
130.142797988 155.931817994
39.48814584 201.739926174
131.362455334 20.6588497823
94.3288217021 52.5766335639
199.419197927 210.447986188
30.9296351547 168.771214525
111.770751391 85.702074798
56.9248540994 62.3815369929
183.871236052 178.725515715
40.5115875214 193.83578001
153.256006197 97.8366251527
67.5772483255 169.44055918
181.494423407 166.941865442
154.575331865 149.943244283
237.53426423 127.825839742
162.482938237 19.8666687429
50.8782071888 216.211728818
82.8326709798 128.284330496
61.8575485175 180.166603992
70.5342053248 102.198069931
231.695319206 165.442355196
66.8701819016 28.4209124466
194.347078033 124.626374451
148.305172441 212.318405832
87.2443544923 64.3377773582
166.793458092 27.585157592
58.0909009021 106.387186219
65.4974060772 176.125139903
81.0376634374 93.4304960693
51.4994548079 207.112904947
52.8155597891 123.86999512
74.4362687692 82.7966046897
107.598884654 172.810909851
187.25966068 210.673360557
63.1401504182 102.525664392
81.0297430711 210.87662274
180.834459858 25.8188634474
128.882075326 52.0167937585
144.274952536 130.097853332
115.775213724 158.050223024
36.4394063038 65.1067547914
201.043530746 121.678085579
36.2796073873 117.283631912
174.445786816 79.7992933891
111.381884784 143.842886941
154.930149753 166.313633957
198.937616244 95.8465324438
153.164760324 38.3823474419
117.928894333 114.414856187
219.478929101 152.464052275
113.066573626 68.2339264284
133.806444523 47.3472239572
85.3380766979 164.626038904
194.842808785 116.559024136
129.919070053 127.679915929
141.133048279 168.301448351
49.671401853 149.494801195
218.024438635 165.545391855
111.007690329 71.1466997548
182.763361934 85.326399755
21.3301390022 177.007613697
117.127136978 76.4152892718
214.521312579 180.123579299
125.836089288 118.100305345
223.06651748 83.6200004233
71.7003830617 218.268815967
198.555478485 77.9530336719
164.799635989 238.413508532
100.827289305 222.384163002
110.118095748 47.3756431177
94.4510472324 210.973000047
209.426138149 62.0457878151
127.229564282 240.088805308
146.957874939 31.9271644586
174.324731196 168.811297281
31.5356847665 125.249155917
195.923406903 48.2795609233
229.743375988 125.848727798
111.261163826 224.663573086
144.931477439 135.342732313
218.784454271 143.113153024
185.32716715 44.4383562379
157.265612954 237.642425735
131.184532014 79.5190579614
204.275830491 60.52144724
85.8909956608 126.73259843
27.0061492082 177.467628296
131.242952458 240.792547263
212.243715505 58.268246525
204.059937495 215.00235969
119.393710925 85.546189991
195.044025465 33.0427213684
83.2715810287 161.971604542
208.039933297 44.1648968603
72.0914016632 84.2477799531
145.137686287 154.630401578
89.2788656196 121.359856303
194.906590494 157.168342096
229.794082904 97.5839399559
178.29301062 144.866182953
44.5270464679 87.5292608184
178.636049612 43.7108517198
190.077065124 122.650963372
49.157294799 195.735025176
41.4259963774 141.071309073
104.95242389 226.041954789
177.20933555 206.817936249
90.8471518036 158.276813503
65.0575183129 201.328738939
71.2304077628 87.5215407708
222.999662916 96.1057157288
61.8770841625 146.698911051
68.3490815758 87.8084150598
146.548277522 126.984372608
31.5638828659 100.323372947
142.152950036 50.2209950036
34.1473336173 192.590735071
129.537508671 95.0940498221
76.2998841013 111.982666145
107.301177093 147.091685561
156.78923577 24.0222294828
67.9975965958 48.6349870795
169.953398482 66.8638245033
43.617040614 145.364921399
82.1345674446 201.992988482
80.5896489481 185.314561374
170.031117504 65.8226661151
62.9852163746 203.912010436
78.3345512729 166.247829779
184.562569924 229.388978371
173.21057363 130.468571128
129.691240911 200.792515323
98.7624467128 151.093390267
172.501516026 147.921400196
61.9069026324 184.289612584
197.920177741 176.171129435
84.4116119315 202.752723618
97.735551562 197.952431394
79.7505147848 190.266977484
65.7029417984 45.4396065912
182.111476164 53.3423548556
157.23521535 101.707535182
125.70036078 91.0416832946
50.5994326822 84.1892673675
190.353151263 76.8853667575
131.321929989 89.4223664866
117.976357154 101.01116636
81.405560932 203.029016338
78.8002275311 151.748045337
84.8002534489 125.659335525
193.526448056 101.523909185
160.676614834 170.806455895
189.40315449 159.829940721
235.291058678 98.3941783985
130.706978868 229.978773816
213.750221818 167.183768328
81.1410162684 231.455086203
172.787955883 138.216435718
64.6460959941 117.340747334
200.204932819 56.1397461992
31.1453388253 117.198826609
227.853308165 71.8928327172
72.4465597749 64.5819927031
112.05135187 50.1290657974
65.7885713859 227.816196452
120.430855808 99.4514800657
58.0143077062 222.887526296
95.6962957693 141.921143459
119.149933824 145.232547521
213.529210991 47.853531863
74.6683785458 51.4792053689
30.3734462909 91.2316887128
187.825654829 70.0771035254
100.355777699 80.7138936532
95.5098697353 189.675157953
139.756924001 162.098274435
95.4988430938 176.86334214
161.358311732 169.358232127
99.574220446 214.514501778
151.718987407 105.166335342
203.814241718 119.84701818
168.990547 181.473761687
63.0773268292 195.11628364
137.847387798 106.861189184
135.673665872 91.132398785
187.737049835 157.810428057
64.3848709725 213.024095752
66.5705106123 90.8903562488
208.047861576 45.4388360037
167.498869547 103.303924493
157.47159415 216.715213944
39.9061803907 198.605341493
188.833253967 80.6735674761
157.944722772 68.7980380301
84.3857774188 224.202287651
36.8401444809 135.918714709
239.238418018 88.2176603221
140.459467152 234.699193907
111.805515203 107.272555633
75.7564608018 190.924233562
56.617456758 170.413954116
241.57617768 137.848659009
167.226106666 58.9789022137
150.72379544 65.7355821388
191.88423441 154.932178116
23.869702266 119.869888577
128.196508091 167.903965127
98.3678339958 214.183529841
116.196818805 145.785563599
131.96583506 39.7158061658
54.5072811923 126.842904281
81.8163858844 202.577271192
245.570245505 123.779388999
86.18967303 56.5661233452
157.952839672 182.594163279
170.221767164 60.1443324013
111.505632672 201.367114204
94.7718839561 75.633511156
17.7729698246 160.246691289
225.507438603 77.5388301478
54.1520017563 167.301020204
156.256821598 167.708520622
14.6947602923 159.855976995
33.2859356879 161.080856836
142.177320161 153.357051844
45.2451810232 129.705243964
181.332505151 116.918495431
38.3162811844 117.271610401
203.276009682 65.5913305674
114.451666038 141.006964348
212.65864319 161.394800433
129.865716616 144.963084851
148.653627807 80.7836492549
187.028756342 96.5346619293
61.2474682111 115.461667961
171.599159805 233.863899759
183.940983199 222.045378654
93.7836679937 148.543976312
34.878224041 143.371233421
173.12772649 155.092651671
157.184703009 230.86188539
139.660581704 147.434702342
232.14703365 167.892118215
170.679137189 222.087936471
232.246214647 127.730648967
144.562777358 12.3164327562
189.077412599 99.238163471
116.883941522 21.0508727998
148.67041154 242.610610964
117.810055205 48.0088908424
12.7784199967 111.762512266
183.475724826 228.614153231
138.890767728 230.216163244
116.193995012 238.390200266
87.1924846448 58.4875671971
58.6237218308 43.3615089268
100.1058776 223.694578408
28.622613561 179.580675149
170.816240774 202.132434084
41.3551643954 166.131011363
92.8847079311 188.844650564
150.620801258 150.211091162
220.310063289 123.768408568
111.928583338 38.1616534686
181.914648749 32.4873097475
70.7620873109 167.810121733
46.9480761217 169.242935553
232.183644394 109.151396026
90.340011624 86.211836272
242.313610627 144.947125491
102.779981034 129.471131474
97.7844070336 87.3305665585
147.059778429 170.160106493
176.737648136 154.328921896
174.355345511 24.8210373731
101.674261147 134.279652271
148.584286352 218.912445824
194.814336222 225.779973805
203.815680681 48.5283972914
92.7751915552 151.936643146
70.9464672971 76.4450184037
155.51259642 161.521935579
89.5002724061 109.58092867
38.7929988146 152.455688302
170.133512074 43.4542558417
96.3054263022 54.2841933035
37.3064413899 192.418083959
132.801211636 184.318936822
171.299435216 41.4005591409
26.388644707 150.209084208
213.878117245 82.5055841193
116.671275295 167.040667093
154.452074783 59.3368835122
204.328068965 69.175051276
75.5739927163 108.371099647
84.8799415099 52.412055714
84.7198684048 54.7984339988
176.880366801 162.942353888
241.894247323 101.55679396
72.2784287155 203.082787547
110.916516163 232.666112328
189.367376159 202.728142163
92.1544820585 20.7394496642
89.4895087901 16.6312006698
163.036670325 77.9514614317
154.655473151 158.421935365
189.216171546 124.327057143
107.289674837 120.362386796
167.659736841 79.9933356496
164.730074403 112.667334096
215.233462838 123.835869923
32.1152345465 105.899096593
224.010813112 100.191654117
30.1241516671 101.036017672
121.272330512 64.091590291
231.29062693 99.6096716845
57.013868857 122.151372268
21.0075814194 90.4602152732
63.6991492218 67.3021284303
58.5121871947 90.0349953021
197.854263878 86.1479047733
95.0289459761 51.1895227132
82.6397053751 194.219725508
61.2646305831 129.562937652
69.5596013237 221.926949807
183.855670684 180.280834703
104.055006947 101.130215067
65.1157507878 128.036696117
69.5369190011 227.313987143
193.213347902 120.478863884
68.5361119977 200.486086075
69.175436246 81.1119695562
224.983040381 73.9808265364
110.02164402 105.328535187
37.6732049466 194.390341893
89.9387870817 89.558022986
31.7198462428 124.986522578
160.457545216 70.7739223018
49.4099455861 175.379234425
75.3116916079 35.6697470586
119.18756772 171.727822267
173.668653584 105.061399258
86.314969536 44.579983334
126.414728131 10.4599769009
244.55344173 144.553616955
81.6826816358 107.300131165
219.558722287 155.847789122
180.053590036 223.19054881
91.3788873082 162.316475195
208.497229718 208.477023545
74.2447084257 33.4120917761
28.7352547898 111.671957546
83.692741801 119.425265043
26.7647641447 161.364061614
138.237923263 104.997012797
79.5649356364 149.867668649
57.380754527 123.588978491
178.154340223 207.322857232
233.18398398 93.9526052657
169.537039381 232.088839815
209.865348861 168.804138835
112.267711424 221.05686846
208.00469687 49.4164077918
79.7628670321 230.879110225
32.9999933396 65.6045742105
144.352576788 53.2801936019
117.515884828 199.457242126
244.110952723 113.639968218
65.1080390542 74.5403007223
35.6165023813 121.339549335
49.2918318057 149.390115169
165.6413739 64.9114074462
109.975757157 123.041422925
195.55939145 142.166935778
175.990627725 81.4860185013
68.7990163703 66.144076102
130.622086718 224.288190167
65.0216051858 89.3994782789
232.357590914 86.5122652624
172.858311894 95.4845327798
189.019003187 27.5538048439
121.722532753 124.93147506
210.494459643 106.03759825
194.08962643 150.841506533
192.212402199 68.0647744814
82.3654803052 180.153300298
123.510442406 218.044243674
172.040668822 227.586039466
116.172666397 71.6523007171
69.8115034671 33.5879808151
170.004348563 174.212937965
38.0221975041 190.639183247
160.356898065 165.666905137
222.347060843 175.664693726
30.2230779222 95.9873389901
107.90610055 181.908339615
108.157752903 229.439470656
149.438339167 92.3033632104
156.956055215 84.3189518404
74.218547167 152.942028277
235.95799752 126.682040483
90.7329853079 72.9900395577
73.5088106189 71.9781274849
166.231503938 78.4411810673
172.703836958 207.33726155
55.0356031979 75.2610800974
80.9716676064 158.184724854
200.85814261 158.479264366
82.4702122383 171.525320388
72.4806356589 162.57117856
176.854822656 57.4831483655
99.1702280628 96.0706216546
199.794142454 200.991861575
176.92917191 180.205160529
93.565106312 207.49135542
112.270670244 62.2825857107
173.951789183 137.651023082
65.7976970853 135.286764433
154.71701991 39.4997728284
118.735570275 42.516205294
123.529086912 90.1842079711
58.1504684116 90.376671169
16.8630338413 104.732080629
215.29035794 174.375749933
180.611020073 151.273317666
49.9841962636 172.398044298
55.0390532248 173.84748249
197.329852922 128.562777579
161.370663596 115.624572102
135.328249683 104.861442141
199.31287857 129.458109879
144.551529035 99.948705048
101.468310951 233.824014371
153.993330684 160.247047804
81.2229937044 84.5330562258
169.221300246 219.604073683
26.1583273269 108.396117012
215.48186406 145.55815718
92.0898263827 168.58206927
163.224075182 103.848374482
106.767478818 138.729237846
101.275965968 181.275802804
90.4802146475 75.6477238085
110.099598264 109.382834052
164.853564056 49.5540798864
120.868449759 53.2967794531
62.0739083936 45.9618499841
29.2849409547 84.0208956099
88.2661068042 196.724702821
181.776572658 89.0070004869
226.77297902 192.167985309
167.061372257 112.192572484
169.701435062 44.0568268386
141.133551534 238.859165703
64.6310464641 40.9711906716
149.145492252 92.8016082141
128.830128021 207.134868013
93.7218018391 68.2129238484
131.86529457 105.09410348
60.7317268974 59.2915023041
17.7041848096 152.311319091
100.787646509 136.986302601
87.8800888208 108.647405883
100.356681193 112.980830423
22.9688956358 163.114752576
65.3883061264 150.3019803
221.589414629 95.0457683629
110.091406796 144.874280056
38.2678732299 128.346113334
32.3725253463 157.097052181
82.4371297987 98.4914166034
220.828668707 111.80268586
114.127491001 143.629982615
50.7643526328 83.2482787681
205.053180966 169.039215389
11.8712849437 138.366039487
105.734978676 217.586839802
112.415026382 96.6130678889
180.994489267 224.524265145
131.616424352 242.53810738
140.944359377 208.479064963
166.743749447 109.209249952
176.221092583 207.654373037
236.356377985 128.511153918
52.6383445847 85.8007965481
132.232189659 59.2139003298
202.501901148 80.9078872712
48.6850078165 55.9626560423
176.586916419 40.3823240841
130.985222925 72.4174247765
70.0758536465 111.579094064
230.173272891 133.560042612
188.494664762 103.040321238
180.855800765 210.58007084
107.627829152 178.638370388
129.876873512 203.033513801
93.1655979181 110.500460948
142.86309119 51.5083291004
169.588873494 150.058547798
82.5171782315 99.2154491803
187.142020557 64.3027032493
161.961404886 71.5652001525
125.223756503 79.2746265258
59.1970670685 199.997512089
197.323085294 113.677796549
129.944365655 20.7234867357
138.119552327 146.6871957
121.012034912 193.740971902
154.938806682 27.9288326645
147.833150002 225.696540229
84.0796746511 80.3573761933
179.211798316 109.789169655
112.034739602 58.0121608683
186.520591678 36.8591856149
206.342103816 96.8475295805
98.9790796291 130.222184655
189.940352175 209.642694454
189.697371301 127.488449997
89.0352205027 133.745481619
113.346635789 226.297189723
25.1120826659 136.811032097
223.246310856 169.47396533
187.791736816 125.226065826
95.2957754832 238.136246855
46.1764722077 135.89983551
