144.786112186 105.585263914
73.9090119775 127.114585898
105.268928399 72.2929509711
189.085029187 111.537549054
201.245700974 106.218714889
200.629374223 96.8441722416
120.50073091 61.2755197045
64.0186607259 98.5795971225
13.0100779888 117.737434304
199.578366211 92.5911934007
98.9793796564 130.268698281
80.0502822496 31.6062316794
74.0772398949 139.49654188
77.5377163995 51.5616717986
14.8308910032 123.093420178
118.674942287 99.3104682846
129.114928731 25.3569413312
148.624385268 46.7099729794
157.388879295 121.940672665
45.8127969456 32.0668097978
158.951921624 165.456156422
28.4734238611 103.236835616
199.975993751 86.0472723028
106.386652795 53.3197699334
162.906493361 50.8848537856
73.3519859364 8.87091583577
116.680866347 19.5627443003
99.6766405221 116.923904639
137.375559526 196.934087565
69.5378051903 154.058586548
182.675200951 41.248167794
185.81764586 116.737775851
149.223282951 36.8169052319
179.357504974 93.8300454694
99.9260018128 86.253279296
107.159387635 78.5237224034
154.666730076 174.402802032
196.637726787 141.875408396
144.336267577 125.881111799
26.5306941923 138.42506475
45.4819877458 46.6018993053
105.304295893 74.2462638496
107.998939324 21.5529028205
69.9129832933 180.296538918
104.427142257 80.5080045992
152.16985645 43.5258568944
52.3779164387 95.1095837273
147.933998884 35.7328052411
63.8408531749 115.00320011
64.2621479146 91.376226321
192.304515381 97.8087672304
167.529540924 55.8969673044
43.7031188451 133.353204299
14.1089935514 90.5241853643
164.368727864 151.071045249
179.704139259 105.042405649
122.183787501 36.1738908487
172.836425365 145.657584204
162.411645952 135.696016068
163.400013537 107.871875293
111.325804091 115.683444169
50.5473036301 139.530770544
102.38318509 11.6186341803
60.1954088626 31.2300525191
35.881145923 78.1518101269
71.8930542881 158.915989667
133.570812071 156.70316223
129.533503193 192.166994909
161.497778112 122.7273027
177.317603642 63.5996462236
176.975084915 85.3795226372
12.9413737509 120.53113205
68.9248960396 198.896895423
124.005108186 85.1179759591
129.948776725 10.0378678447
39.1933460689 182.748854039
45.9595203208 37.8356427175
159.524568074 40.0366701735
103.908172618 61.5912882774
85.7247602292 46.6739190467
191.624008195 139.388138445
165.694901684 103.708582694
98.0787175434 34.0714082766
112.210569604 90.037289779
159.107298854 147.485904705
47.5709902657 29.6518348414
158.670003286 128.015422544
152.87256942 49.7229341322
88.1168519951 171.685425311
106.573803338 114.170236893
109.081416501 111.586882343
88.9569316304 133.402982277
197.66499365 127.090290452
28.2181249862 32.3775496688
74.5028351584 47.7339764018
82.0225210254 77.8130439132
154.02652652 40.8927396448
25.788210238 106.180196135
164.177519865 139.436024712
90.4959396114 126.99344832
48.6691462645 66.2228491478
6.11372307389 91.6378490918
170.371390445 58.4488149695
122.091053081 25.404402993
26.1926421307 96.1827016141
147.377034354 131.527716129
33.6512770936 90.7812658348
90.9059823923 184.348011155
33.9776770133 116.84352763
77.1205437621 178.103620183
147.815641536 77.4100336656
123.38560236 100.314150957
57.8241798992 78.3297770077
85.8903627263 190.725308827
151.339943915 46.4178274076
27.4540447047 78.4205546808
85.1518626228 99.3154903171
27.6061929564 34.7613284466
33.862472358 147.940461206
105.135353065 50.507862136
92.8080226542 19.1548787094
37.4638654534 75.6667616654
64.8270391416 75.0372668078
51.8072297036 124.423984297
123.320609532 64.0277405119
13.7059555919 83.8898115349
39.9900819908 53.7319739723
60.6389748827 105.624773095
67.9128338365 13.6153629593
132.444666956 161.246814651
188.356761335 155.739671416
32.4935060772 140.232601247
107.785805102 153.883924221
67.0592070829 186.985166791
186.891505787 73.923687087
48.0386465235 114.444036016
185.103031218 113.98077689
61.9504754014 115.830933385
134.371869362 59.5628876425
95.0058391824 53.7120512137
78.1032061379 77.9259101405
56.2776906625 29.6345223482
100.95338146 161.817706152
76.8089450795 176.700058932
150.011351804 47.4523315434
151.798480487 65.1685259187
59.1940783459 82.1184752189
132.028356759 152.893656264
128.596902916 20.800437851
152.516439027 44.5271237587
41.0909641912 181.634009264
48.1205876439 171.410845053
65.6191189138 169.895220757
109.185774216 42.325409378
71.9391055668 171.849945512
167.911894586 156.212058956
87.9712083474 125.148321532
80.0118041859 132.344125595
41.8109884285 46.1396935801
187.535940878 62.9327528673
165.434523408 32.8727700022
68.0242743859 16.5403157611
93.3052388823 180.558599559
35.8366168927 100.777989622
107.912820968 65.6572392334
139.509661341 7.85604833524
74.0710811113 50.5507483213
144.982100838 171.702485584
100.480140754 76.185965366
58.2810273908 77.9017054203
14.7546889739 119.260975091
44.7498521078 128.084764671
181.788073639 164.505620877
147.703119745 85.4687235094
99.3059693135 178.414132402
114.5250227 114.877224972
125.14457486 65.1984699596
51.4090415591 64.0481498352
112.594298132 123.416382332
181.206828221 38.8422449993
43.0812369564 107.277877529
200.15868036 79.7771410722
110.551281483 148.440442082
65.9947521466 136.730510031
143.348501173 191.255746491
149.876536625 157.113813659
65.2171775553 159.735800802
73.0520567203 139.306337695
188.941122216 70.5339559291
151.922566055 85.8699570045
55.6284239341 129.311648296
168.937557812 68.3196628823
184.784079941 154.070349948
46.6323252647 98.1953064913
19.4876644238 102.432877424
118.33402046 10.2815442973
96.7362539158 185.816000931
103.239806109 174.512527204
156.294094076 122.870463339
193.839224508 74.71901983
57.3879522342 65.8330010893
58.7105551802 23.2176970558
50.8140142249 21.1120949989
68.0775716769 146.228600097
168.53920602 101.570523431
53.214409889 135.744924722
91.4341218104 128.677256552
17.9570175357 55.6605466032
12.1839350193 74.3027707357
15.1095843807 50.9056242203
110.018293312 101.87096156
88.0819707982 201.180692309
10.5773592453 61.4712067548
33.1472932383 72.7150945344
164.736167902 79.489454762
103.224126492 3.74347752438
110.473072121 149.686848272
125.862938334 52.7163557613
136.881910667 61.3884403655
152.376967901 85.6685185387
26.1506825436 36.6839128564
136.410655198 138.735310889
49.0360898998 140.534611146
38.549340126 44.0348442861
71.2767371525 129.102927476
128.445107657 112.841824216
132.997952839 108.408122184
60.8378448663 176.474693624
174.870504225 92.9717835556
138.391919591 129.12531853
111.789736659 111.137186452
74.8933557681 189.943249654
173.858013829 151.749353073
42.4821049769 97.5201585634
182.226038559 146.501297095
54.451922039 154.777243902
80.2712005263 12.2653849471
28.6673836872 39.6570276933
47.7980695741 117.753283551
88.7078624039 196.994873534
16.0148214003 130.229375264
201.176634774 86.2325929128
94.9728441197 191.310093038
124.027278845 57.7695288281
113.080428109 5.63814412404
62.2441020233 78.3342087848
24.7572955917 94.2139412492
198.453643898 123.981900877
147.263616812 52.9571587488
128.356122037 189.851152316
169.713577462 43.1163646365
171.623750693 98.6302265218
138.699689388 119.638490516
36.0513935174 25.205607234
35.9438839625 137.469891387
75.8252845105 12.017506007
153.996012166 101.883927147
74.6855973692 165.272760717
116.605406028 26.9413350635
108.355581344 152.823668001
130.228098986 200.160232222
77.924625159 125.890285416
170.144525132 90.3414041777
57.5172209913 80.7131981078
179.126887092 41.3469281306
172.091379945 154.839009021
84.5674930662 148.02610137
124.48247255 134.627840389
117.988130634 18.2213709601
52.9737851585 76.8475069142
108.700253347 153.277523975
132.138642741 94.2758266268
168.26346143 145.890623454
133.690321282 47.9510285875
143.327238574 192.679632887
60.5945174001 175.71979048
52.0534821354 104.650775532
140.299597392 55.4831414371
18.3730849577 84.2046352577
107.348361855 7.08059804177
83.1019272399 87.8334912704
31.3995065565 109.115505891
160.82983871 83.9934467916
151.168714338 77.4270772186
78.6280309192 98.1337990233
55.4206557942 36.3217207731
130.745166313 98.094601668
118.081131332 198.560593143
137.626299241 46.9489306577
160.824871997 41.8821527692
84.0422932536 198.737404279
40.6040492406 168.431192589
106.214556014 145.78430726
76.7196905124 186.975540964
161.405969003 142.85324979
19.6096509129 140.6399437
90.3873389337 201.417767028
139.669397628 85.7366564365
175.665009473 148.015183581
165.563702999 84.0904671576
118.05813729 61.6253156072
31.8140901753 119.651528465
178.004366705 82.8869429342
95.989685204 182.948093193
79.685426096 129.3088856
55.9178645119 110.544796258
138.855029073 104.781107591
128.88892548 85.455183342
164.300743955 171.76443113
138.62933219 73.7552456163
114.059138404 75.65173679
94.5030767884 39.6130170434
144.711976075 35.9421392446
192.46666619 144.33322094
142.881005686 190.746795004
24.1935497176 106.085606204
124.435252281 110.332383242
167.638242297 108.73698688
118.894525032 164.390385777
44.7159878563 139.857747205
100.666353907 95.6754012608
30.2552932629 40.1750237908
156.662776044 140.510940292
119.167577487 188.137503922
66.5593449546 196.399154228
48.0958815426 156.34014838
41.575833461 78.4313530674
131.976525961 151.578596011
151.645096036 157.485826172
74.6016632353 73.0533742962
154.29329719 110.729361172
37.9453557982 115.577645023
147.525698511 178.764781858
28.5566258816 166.691121996
182.179541146 130.462781992
140.742639952 104.479283524
60.6174616951 44.7690894908
50.4405651177 92.8794412857
77.9868448009 50.4153970393
94.307026529 98.3862349659
120.430748277 101.629339293
154.798881398 37.7616014915
80.7503125044 26.8895077233
104.386816425 36.6123683954
134.618478019 119.514691121
42.5457121024 141.4528698
97.2658563114 26.3026080822
108.771221064 198.62471624
114.490663037 40.6022087501
57.7194077228 142.08125491
33.506908369 75.2873251471
157.932881355 176.786669743
48.6250954313 132.370504847
34.8830033157 89.821618048
123.372800327 46.0818472213
52.5728457027 39.1756370284
145.342649548 49.4589298097
199.873873962 133.176566452
147.273804727 192.143055757
145.316508086 22.5583255741
62.7585729118 183.283973607
10.8395782535 83.4382677037
25.8283025419 136.150827335
187.82194256 80.1220945905
108.365612813 43.452894647
134.586567431 29.5565115932
145.630828423 193.634373958
61.2822269305 134.569231528
99.1268432098 84.9770622881
150.5013617 69.3661423089
81.7267440811 34.5273529451
106.096875422 131.654883937
152.26473942 112.96573039
65.885238429 148.952527222
178.625072487 65.5589534784
110.442141481 182.055172542
123.003995411 151.628873863
161.40627185 168.167888393
76.5583910388 100.080311448
134.82019134 14.2085688457
57.1000194014 106.909619748
147.478425585 104.329884719
155.701000786 116.113804812
122.086137802 197.917930974
145.566966139 146.83432395
73.3081703963 87.2904988336
133.744197259 53.0282516169
114.20656102 63.8920644942
17.5850726388 121.51211122
117.997199211 172.146680908
158.409556611 163.560334439
72.3113287688 26.1339763974
147.416638451 59.7604257332
71.1088954978 55.1522434599
106.157144051 88.7279357488
57.3429693569 151.133097285
70.5432533252 141.093004678
59.1381686683 76.038809363
64.1563172258 18.5246269346
69.2417808896 116.435106238
103.123551502 115.445859431
72.3390457172 132.417343112
81.0615576771 113.910710373
180.61484006 135.609349197
57.6875464345 190.991971534
139.63755496 189.718557224
140.0523037 195.154760679
91.8743202292 24.2289562948
65.3378725909 142.424832666
59.0694087237 182.477088515
61.2552881717 141.618100497
118.634100894 134.620281665
138.031965402 181.563865352
193.957923547 120.654211981
74.0541127964 164.962685576
90.3771187389 124.865075332
36.6274838243 42.8863196184
110.065668392 101.130950535
88.8702672781 89.738728643
202.928706666 95.1200934553
62.9137640776 44.6241884183
92.840219366 12.4782944313
95.5655266183 37.8496229903
98.0398455615 57.4387223133
128.703068589 128.496120972
182.172860907 159.752641266
178.149525495 120.251944437
99.0572007204 158.435821709
88.7234777114 39.1132956967
187.358435749 44.9398267685
102.429185988 127.811492614
58.4411512091 171.062772104
10.3773427637 63.2128099833
118.436237455 62.1599628037
41.4025830427 57.149012781
136.118007974 173.816415012
24.4597235287 81.0239627
50.1660791887 173.356519711
98.2966627098 186.198589243
138.376525267 44.6939411775
74.2669556942 174.143380833
174.774970159 37.4869169272
104.041838067 174.491880097
171.340143487 72.2017485639
178.705015589 165.953824266
89.2458280847 33.4117492396
20.8895116613 113.387731703
43.5705462475 126.387062142
26.7790139913 64.2433648593
188.859603959 83.477942162
13.487355465 112.971292247
106.405168662 71.8953600867
130.827087644 11.5649174288
75.5985418319 10.3041991727
41.6045017882 140.561857839
92.2087615071 41.8719112552
33.9104499986 33.6848672738
33.59498228 60.2996537789
61.6929363656 137.756046582
98.6279888078 126.460694224
31.9396183253 95.506284438
146.667908092 147.72720026
56.0656458116 135.400216178
95.0275997714 29.5505261308
36.5237120549 83.7509704112
47.3151234756 141.157738679
30.735551998 70.0448600649
87.1619897158 170.208422453
98.9025487112 9.88603031382
62.3689582055 62.5930821734
56.8797760167 21.7534052519
55.1542892957 113.898151144
175.751035919 34.3301818603
24.7344105074 45.287104514
76.7423141285 127.344331642
12.6001314473 139.483344469
65.1283922105 124.818560901
142.906564073 152.662790778
40.6852778468 90.4133567529
132.546439216 146.655244454
113.193811795 54.9201848464
178.940596169 141.35021491
70.191495411 46.9327994947
142.461903378 154.185581786
55.1806581327 30.3726899724
186.305440463 100.263689638
108.023472213 25.5044291295
188.129344668 105.123651373
112.780458678 3.9933438113
139.86376354 154.723016943
34.2443874054 102.415376559
151.385403147 171.786056578
80.3128308066 24.6237070383
98.6991031556 190.922011941
57.3503626084 177.00425422
184.553452883 159.9194697
171.822883778 83.5496861987
135.478440339 34.2480305411
22.6140686741 165.538003638
113.448904096 177.350937574
46.873215519 96.1788373213
63.3061104112 56.9414008488
162.438451153 115.039606411
43.4945898142 113.289818825
164.971195457 83.1475208733
79.10661345 25.250207759
67.2308025965 21.9676709898
57.7967909008 110.918628206
150.674030092 90.4476667688
56.7269144081 69.5428106841
17.6481242441 113.196266572
122.596241779 99.7549516842
71.2373401668 24.8050430892
194.211544188 105.563485132
76.5212247763 7.64833932293
62.0391929981 36.0858833077
42.8742390845 39.3802134838
167.152561482 119.6628545
107.815504843 93.1440706647
183.973759831 164.505069838
104.883649194 159.176338781
180.523644934 87.9719319436
131.05341654 195.955610024
139.134799395 22.8643556426
151.942479724 60.3160295893
103.263399557 10.0553583056
19.0136263447 108.281719809
105.864622086 90.867110408
87.8755008089 38.6946802661
3.37390259887 82.6813848459
180.317052175 165.238467419
168.828966241 29.9115266715
96.8780785357 19.593319281
39.7796937314 102.774480191
65.0294201182 91.3798046312
4.52031017091 104.511082427
18.9426239928 93.1604385214
155.623512117 46.24453077
89.5995948944 119.930582752
62.4022339112 92.223552996
143.011301559 181.741270236
74.2935509614 197.092062461
88.9969927571 178.84954591
105.341487165 132.115406524
18.2965845362 149.301279925
63.0877694078 41.2868254746
106.082439412 94.5659840134
140.463812958 7.90252139571
172.748157709 159.883893933
23.153909589 107.449738855
76.0707235416 134.058359918
29.7979442817 87.9447961298
124.339909524 125.201330845
61.090054509 95.8743385923
36.6028814536 80.5271396085
56.3261110975 143.699715779
83.4835623627 178.376292893
53.269582201 125.014301642
43.3069436883 127.486454275
114.740278675 40.2543088807
39.578973562 106.112270602
144.823647715 30.2044667299
67.2771617686 114.652638082
98.9250334214 40.249859982
71.5619369343 44.8528605365
164.206684535 29.487052003
44.9621345617 66.8141159393
188.718932287 113.651855935
74.8868280228 96.4431468161
79.3614195166 36.9148865822
7.64527790963 134.054997625
72.9426094025 177.583491235
176.684895076 126.82296677
31.7432314737 114.619352649
112.612183712 40.7659651251
175.119348162 68.2044651732
141.152331326 119.24779801
65.004679707 19.9765318123
99.4196517075 109.471153945
50.2635669261 166.634602016
78.0732806899 133.246534666
32.3373201437 64.4901638601
74.7915960289 13.0699529457
188.361652431 74.5545633151
125.08686695 171.822798346
3.8594534616 99.6856892285
194.502599366 111.611924464
123.310177208 201.679758131
156.426389671 91.6806330115
32.8864883874 172.256729194
71.2998344897 157.763441129
31.6640688878 59.6033150732
93.4064584507 186.933290506
79.6240299278 116.648235788
34.2978444052 107.564484615
61.982079845 59.214412131
179.472196726 89.1347512579
32.9736759352 121.393842187
129.988352104 189.977965365
114.670078727 27.6932038342
42.8517440934 57.893192905
81.1495870668 72.8892921149
159.632333067 90.7258230848
188.676908249 48.3994154153
9.78464304084 89.8983125307
128.66827247 184.931302823
163.78002086 77.9944987052
129.140315246 153.703683527
171.746551429 28.2902055978
157.774441874 158.672318201
13.8189509762 81.8179709734
39.4283554154 180.258455743
84.5839680903 115.181542052
79.8380327697 15.0946107122
38.2664257557 23.2814273913
88.1688695697 51.7478515267
88.3563818311 56.7483053703
21.3006646986 43.6571642335
160.023767768 103.34607584
129.422015338 123.115209929
10.4278643991 90.7706740034
113.845739907 151.77657437
48.0852765565 131.238320109
33.5304501052 115.09882207
98.1080371783 86.8462698407
47.3735265883 151.298502163
29.5684757391 121.612196495
115.81669109 25.3501728714
172.82972203 92.1689570222
102.087083826 140.223736218
138.272761366 156.424639602
113.380667752 144.403830151
144.873812241 101.130308799
158.598454589 65.7883551103
119.711309899 77.1154443231
21.2429445295 134.897656889
101.012735262 17.9586371822
180.400200447 135.762196251
97.4997400952 160.300448315
159.879359975 99.9418939018
84.1893278353 18.8951034526
118.835806213 91.3992132013
53.0880433921 45.2393029694
102.203808391 43.6993077367
158.746072429 62.1567629212
79.6101553434 65.7387701243
59.7601583749 66.9862565212
58.4406454542 72.1343087685
165.527557619 81.0235030383
105.045938719 101.700153833
151.435312853 135.892129337
163.067793404 21.3027633824
118.892570093 68.4969588783
23.4348530786 76.6955030884
45.7628466 130.974729184
52.7155283619 79.7953836286
154.656735278 132.885601772
140.846264619 55.3946803476
103.269671571 133.268393551
116.68098849 66.5625366283
120.111335577 140.973411119
35.2514674594 25.8319972413
67.2470585689 54.0728809835
30.2858497176 44.2776488964
148.267624546 111.34606406
132.221373016 94.776637651
22.5253461968 98.888462134
158.509583299 121.756443327
195.353830427 112.41959409
128.025867562 101.652566381
90.3477988244 56.3818081087
53.1329775054 49.1028611665
85.3831920752 17.6492553407
81.7610335723 165.666923588
40.120322582 31.3928987789
164.705187136 75.3522984118
77.2087359097 55.686860958
5.93156319974 88.5156674087
130.032166343 165.654157804
45.2124715926 185.742192692
59.2051928895 59.8901392146
158.189188219 98.9939547593
30.7997454598 110.69901929
72.9803373479 23.303521538
111.750545647 46.1612311132
36.6908700899 60.0110388549
96.6974608972 43.8236947236
51.9401078191 53.4307077981
24.1092400762 152.636049987
143.085818264 127.613814996
75.2338647059 82.3970902345
130.64655161 5.31598342806
71.158072895 50.399637519
133.007104465 82.4850972023
171.255338471 57.3765711481
88.1112065067 135.681571707
85.8823033283 92.5926089986
78.6211857539 198.338430965
34.1524739828 130.345884727
182.224884392 166.007044546
50.6380943262 136.147615037
175.812893762 139.772869148
173.158515458 117.833821272
40.4367452772 65.9430037958
152.9153982 97.8782042468
101.21243828 200.433757808
124.464406932 21.2412255343
97.3429150307 98.7138522447
147.746847891 55.8709408538
148.768932473 93.7456866096
176.759783563 78.6545604228
52.6202458027 172.960749705
171.692908721 154.439556113
83.5412997251 169.645134438
34.5680971497 39.6259901588
60.3271854189 14.7103662264
79.283730982 102.615096987
113.868734798 160.078039405
158.964328107 47.9591728559
78.6791559253 195.797401117
194.327957075 85.821304437
6.74487190566 114.032220683
42.8490979642 145.020246776
46.4533872798 159.131976294
113.159151335 94.5283799595
168.759515163 173.262940021
30.0649997679 146.302131734
201.500626925 103.331034963
122.112595405 68.8332594996
161.993700588 22.7186851793
27.9756191016 120.906797016
123.791095264 121.612724626
143.342115397 14.4854269751
134.279895868 165.890943869
154.600005332 77.2138008147
117.986081949 113.374817692
63.1072601901 103.899027379
39.5604002093 40.8335336495
181.2937689 90.9944025064
110.131717157 161.007276929
172.907210404 53.5033841278
135.521700855 173.69650027
151.70193323 96.7171471243
95.7625127928 202.518420647
48.9673617929 55.7564042365
25.2146785979 84.0036557594
32.0354223094 79.6492200255
157.33356854 85.3237794187
92.5637587931 10.4195979578
43.7166135539 118.26614586
116.446335065 43.2228442851
92.0823041714 143.589600125
198.6567791 76.2074634
114.994109278 97.321000533
68.7508350258 23.8820716794
164.050020521 35.0315987948
123.735111137 132.629828358
84.7166473316 185.330793112
118.468356364 72.8513783296
1.21580705513 107.14576635
31.3662448585 157.620170822
113.931843566 167.11392629
106.174747556 56.9396112536
74.6931585443 122.459067687
100.179358973 166.456759114
118.637085633 154.011289088
24.7407843048 148.624387555
136.975009375 20.4414850108
85.9077163562 164.053720726
14.5674866615 107.496451644
73.6177715915 174.785166563
96.1015195542 137.893979966
100.946543894 196.324552904
41.4570283328 132.945907904
44.0415289755 35.5090928359
18.7402783886 90.6008042543
102.350256159 146.029805885
124.700497132 163.392831004
111.849974314 65.2723519741
87.455682302 131.594840765
183.527977514 127.950846686
198.353762667 89.6353826904
28.9206075422 137.876516637
149.331532998 26.1494440033
122.397426838 63.8006452089
158.058797825 167.976756346
104.181974241 91.4794517412
91.0605852989 36.3125117963
183.867826486 118.138259934
123.046896303 40.8091617235
118.700818187 81.0511688389
5.96230748175 103.001667245
181.40384494 71.2009693137
105.949807094 32.3418331619
43.9475502561 39.4197777667
118.133750313 195.889979303
71.4027406816 127.140644697
187.616654165 99.4307546634
110.205663246 196.510644024
180.714593601 146.129623677
78.3956465799 107.904249521
131.908271165 94.3979299215
159.568409522 175.481584805
173.971180133 123.585206102
79.1152206978 7.92125390971
38.2927848038 30.2819037606
128.725551277 174.61555414
111.630169026 28.4008439452
98.9688290444 61.7808569408
48.2626871479 124.671301178
116.627823092 92.009589316
21.480508155 144.134538697
125.693255707 17.0699138727
47.7823400611 185.779488369
200.983276627 95.7053405538
42.8108448324 108.531284983
56.6891774096 43.3051874157
169.846529037 178.528933219
45.5140804006 83.9019096335
110.560536032 188.089648562
144.26104451 172.084551381
21.926716053 99.4833950641
102.733915196 146.908772053
139.852911771 160.601772294
80.5427541532 173.887726375
176.941221852 60.7366341331
156.035300367 137.598548736
89.4252374447 180.530401775
95.8650142358 90.3008850221
63.4543646087 99.7361454188
161.238917042 144.890556568
98.1090540761 198.742074614
71.8893268723 180.204173747
60.7534842596 98.1706134177
128.565335937 51.1537792351
83.055323072 136.337072436
119.885030621 158.324846931
163.37406702 146.003192804
21.797510264 145.251237742
194.83272032 131.68022757
107.410732623 3.84067847818
9.80088849793 129.927057599
138.084538043 94.3619672389
10.2649166157 78.18612891
124.546741485 33.8555752402
128.525271781 57.967006798
169.931419374 80.2046483359
66.2344228546 178.249702449
88.3529934034 42.4370619431
125.493173151 135.01315816
33.3559852042 140.562349198
10.7041702775 100.311509573
131.813754055 29.7203868883
60.5652391739 93.1722415832
22.0457773001 70.7698578682
145.299403104 60.8572434787
121.942292999 54.2018146508
2.30438075731 91.5961122535
83.9095882783 161.869229001
42.4471188819 125.383603444
50.1137396683 28.7663300825
86.6958503029 34.5639106773
106.410642981 155.767949133
114.877819661 78.2571433747
148.658638495 137.07805587
70.2905722552 143.245096531
56.936747331 34.7703187964
154.04752419 114.870273829
101.118624168 30.3836884318
55.4582748137 125.476975913
171.600005379 101.407916424
105.653518431 103.675569938
86.6420605849 34.3678066242
48.7494573271 130.64639665
151.710297818 78.7281111802
121.339595659 66.2652607186
47.3830644326 45.6167559587
117.135536873 193.235630996
130.531587261 136.558761345
27.291035998 112.98154422
34.2531584261 133.059631681
82.2034951581 127.877654641
40.3408666235 154.641786197
137.056647397 10.0748543697
44.5372695687 50.5274664915
61.1274185942 65.9284979618
73.9044097494 124.992323419
190.520555498 90.7527176866
135.602934939 151.91561373
101.381002952 199.362520535
150.87685991 101.585563856
70.1590198165 68.4659531577
112.190838774 49.7620220951
25.9397603621 168.490075579
147.654052549 125.690466454
42.1734889631 54.6968739781
136.212979372 8.24983355536
113.59665239 35.5894465109
29.4558284982 107.63542072
97.2401293749 72.2626145519
142.784681988 137.66270039
9.60273111411 126.036965298
29.9196430976 81.2082149948
94.8083995783 175.603560173
31.02075191 52.7720796747
168.28362484 91.4781926997
148.530564433 20.2333665722
163.217148396 110.277508679
61.6796354827 115.803614276
104.21859811 79.7856744433
159.510550551 61.2480694962
74.2397835434 100.008916081
112.562122404 150.062580149
55.7624414514 86.6107995375
181.313621349 129.193474801
64.1799893364 59.0180158959
149.444786361 129.335620029
25.2372028824 62.4212403957
22.534197221 41.4012520721
102.54712798 191.870062692
34.9748939393 59.5781169545
121.480155911 160.623485905
77.4645028874 79.407396484
131.548149533 72.023830835
96.3149244461 196.835995458
113.78594996 114.457277517
191.647244567 128.121648468
84.8941916375 149.428820731
63.2126079887 72.0009348799
20.202899554 116.577008584
44.788686521 64.7713727265
34.0970744801 35.2440665008
50.4692986338 90.9268993148
8.79330703193 69.1044519795
159.616809107 93.0164312836
182.696798582 61.2670704012
172.703617117 92.6832357138
27.7980217077 97.012135349
140.02386897 60.6885246326
68.5154952706 68.693176248
119.701602008 69.2822987961
52.6801060072 42.2742185105
135.059579156 191.104048375
48.5478478883 72.9951031838
105.320886644 132.050256588
127.195850464 112.486478388
22.9300997463 68.1349847086
152.314752429 37.7979536883
25.5280900432 87.3843269055
174.434576592 35.4731407247
96.2773281572 180.206788943
149.690191065 168.64293294
181.977522664 58.2887432601
201.166692039 121.465326609
129.184931214 58.0921763184
35.3555698322 51.3270275845
90.2679550182 94.3478586522
151.973806126 86.6494682454
19.5783398972 161.250520133
111.83851431 21.7715623022
63.9226842677 74.5611693874
11.209763366 130.173502787
122.239542484 171.285733965
48.1531910629 170.101089294
20.0314581589 132.040415948
117.543293973 60.4352388559
104.189458449 41.6882580987
52.8948977496 155.17023726
70.0048336663 33.9093525277
86.0134462407 90.7690977194
195.12812179 94.2502943933
44.4329451254 146.159601791
145.660873234 157.777704545
194.359080391 98.6086160978
187.995216846 144.437564164
149.130574115 96.741775517
10.7023304648 101.648440605
20.5609964936 60.8625026046
138.172999019 120.754301995
128.357128102 13.7773880127
141.082708837 154.708872059
95.9508619795 83.6583369738
104.229373761 108.265104295
136.555325941 37.0551644175
103.262820155 97.5099477099
21.5278967467 52.9202152332
104.647553756 102.113042075
195.266410869 91.1499137971
128.467446142 52.8304245323
112.844872558 61.5831000831
95.0324647399 27.8550279138
42.007905016 31.2555770216
14.2496485867 110.182695598
93.6600029667 126.668957909
109.08298659 20.922816047
147.580492057 13.9527035068
147.180552656 84.0523870714
94.3379777413 63.0346453935
21.7753289515 41.3044566996
201.876553996 106.484994583
69.9004353138 142.062362283
82.0853617703 106.93879389
107.428411037 163.545870923
115.997591181 64.6742083015
204.50320494 101.405735704
106.730406717 27.4889644751
171.762016173 69.9104494694
53.1753943653 179.660193266
47.4635687234 98.6057892995
30.3329829973 37.5169578375
109.16543029 59.2823984367
86.2209301379 125.370711568
74.2523421261 14.8679113998
107.66473209 90.0717556516
183.962271424 158.37533791
84.170993078 9.65445664578
123.833321002 41.0652188661
177.417368493 92.1450217969
149.278655215 91.3457822642
19.088442844 141.998240842
58.3540678435 145.218595088
158.232637705 58.6883206133
139.394746063 81.1761740325
163.153837623 60.4194786884
124.716313903 13.3918655681
50.6005098825 68.2786510587
70.9359178975 8.31615965018
170.769965792 64.4443859674
73.3896430945 162.869784383
181.142964552 56.2122902203
61.492128384 52.8870762921
200.587074799 83.4355278219
155.7388219 35.5282583981
82.2371576088 44.8185996437
47.4886745218 71.9922081322
53.6289783404 44.3973285342
171.279577805 177.8328491
57.1519718948 111.176214151
135.779652942 183.444409224
174.343490701 130.594529657
169.05243855 71.3339355312
130.043167832 28.48451054
41.3665656946 89.7986093179
96.4457322667 182.041684443
40.6100836753 180.424229588
149.837510919 130.001007136
48.5633785504 51.7602104154
99.0666734393 174.684623245
137.857245008 93.698873541
8.32344674321 112.858381487
28.7440825717 116.090461129
56.8398668191 165.786415167
88.8493258732 60.9676401182
156.890218879 136.561015188
2.33873326697 123.16246407
25.7552706877 62.1931006474
49.8127329578 38.2487718412
99.0791504427 125.21555996
124.585018645 147.726311352
63.9625640465 142.658132442
66.4006172544 178.705848637
177.705222061 53.533087119
104.999008791 60.4376266834
44.4027465069 142.395012876
51.7013146638 43.0040555377
71.2518888199 6.37001984671
25.3924289898 154.860857135
51.4893013573 157.720326245
191.679969978 150.40495937
190.925333651 89.9403898714
154.367713154 173.831695214
24.2184068439 159.689381783
80.6738435687 67.0023856361
178.001565984 157.958156753
118.373929243 110.871134726
74.4322982029 120.916305567
54.969802624 185.465072662
181.076974487 153.116968554
76.4532033319 95.9410127195
152.607653317 161.517740144
109.250728607 28.2208555247
2.44215590505 112.878751031
110.860947918 177.250496825
83.2921388166 177.033979395
176.442581213 99.7408465179
140.850504698 140.127554767
164.264529314 153.450647274
103.037520849 14.6501888656
120.407041742 29.5514638861
8.68203103938 91.4625537296
133.871936301 10.2402196306
132.799423904 159.465864939
151.282930206 27.7753718131
154.706339929 103.857632158
136.202280222 74.4616612809
200.216426176 118.958287955
69.1091325452 84.6996677165
118.410887576 18.6724883256
49.6377682097 87.3233249263
114.633109927 135.230233508
112.549070675 108.138053261
121.770667237 66.2999940558
14.3822107338 152.385309912
116.69002756 42.3079808161
160.879813934 74.120975328
86.3156771098 7.50052653898
102.307395593 183.171803344
120.705832113 125.258121712
83.1050406644 95.7017505417
46.8997702299 62.9678533655
178.898857643 79.0326595596
75.372401207 92.2914425913
125.003602309 78.1980232974
121.069276196 29.4852490061
165.355344284 111.729529861
35.5960381645 61.204102757
78.7518925607 147.906892759
41.8081275717 127.174497922
91.6932322717 61.809690492
67.1973680792 44.3402290481
178.255834787 33.9829268234
19.9355367332 73.2447094634
90.5012718781 5.22008640846
107.780070534 68.4273379635
27.2419073637 36.2133320546
74.1449725731 86.2568938704
11.96286741 63.2883924234
187.539369492 125.541673804
71.9771341005 170.680836809
200.84163075 77.4567399948
16.6817365576 147.931229386
89.5351380041 55.7485977389
164.728686001 63.9240182803
142.128196249 44.3165737364
71.7447046999 125.747931318
41.7800304841 160.772570887
151.037262176 62.8588289949
100.62827192 45.2014897532
106.848112678 51.2712847498
8.90849517404 90.8122637836
78.6964420458 196.006836453
32.8987875896 89.0450288406
64.6206989526 148.445734174
159.271445633 139.903566016
32.947618282 134.683917588
69.6835037428 31.094127107
28.8344490205 158.984398597
126.505027305 40.6384245124
112.567524769 1.25005503648
56.3186752609 77.4471594614
97.1054240164 44.9407930812
9.53196984736 124.671535948
21.8596140629 102.528853211
153.681831969 52.2367538433
4.88208684957 98.2455639572
201.397584856 76.6477257916
137.531601885 136.431972677
85.6976099583 116.132123125
120.751672342 58.7166730608
144.674610167 50.6708794422
93.5455423326 33.7126608722
196.373144703 114.101421671
154.556595652 139.575209626
60.9974703553 38.475067248
94.8817197421 75.1371371685
31.595502345 48.5757971672
121.96690828 143.958708622
68.3602900018 97.0081019286
33.5769802168 110.17357526
110.056845412 145.018081295
10.9373230148 107.922933341
96.6958626912 64.777228312
189.414207333 117.019120602
46.631094675 169.57027868
93.6898384922 40.4613030457
51.8248070898 37.5942594793
60.3100327823 92.7886908045
96.9413801045 44.169090144
150.883153895 68.2065927533
134.835060826 21.5520390802
73.574540348 197.703831262
134.232344526 104.004573278
13.0405379964 55.6126277691
193.672258437 104.189081501
135.019691024 146.291350415
39.9236531491 140.390742567
117.605123795 134.451746701
115.751064653 168.165630806
84.4562288128 141.348500475
197.44210947 134.71103011
80.150389332 85.2998762537
159.759266561 28.7212761891
134.663097902 111.806719718
68.165305942 133.339354532
114.220875908 100.439409717
138.488712995 179.966269468
95.544746449 2.4280791406
185.138578362 90.7492272126
20.858313617 106.589760652
114.211385269 168.820271574
121.764765451 93.2529210153
80.4891556458 157.874335858
96.5635001626 71.3238033535
191.449200635 61.4522561417
99.0714573614 203.64838931
63.4498335397 133.291802779
114.199049603 84.2666577801
76.2598553121 74.3738572155
142.066047524 177.769027103
136.425700725 196.081876192
141.20887352 40.7382404007
179.616101702 35.5036824624
134.052046559 104.286401788
114.917676764 146.30903846
64.6585279636 172.245342351
137.168983894 43.1282585887
110.41277901 45.421513157
97.2748058108 198.124325281
105.117133212 48.3754705321
83.0093334626 169.002996391
149.422739307 185.241804994
171.371720755 104.461685614
46.3138531278 124.649353997
176.152389894 66.0919451758
142.63266693 27.5156529945
162.872138553 82.6639870089
116.556635795 1.28405674206
92.8382966653 128.322871004
114.194979052 186.707348315
82.9732723556 40.9644256819
47.7696478716 134.058104681
101.834093448 93.6960522857
41.4924569722 163.007295111
156.858420575 42.0093770281
15.3832875561 78.2376767301
56.0564230611 79.6022126825
201.755307284 79.2309997391
117.129222911 34.6871717421
82.4289669253 72.5589659229
67.0959768693 176.260984011
173.636857727 28.8588212574
121.48697534 79.8575710045
169.531145176 70.3639395373
83.0034199828 7.36334240091
38.2910996391 64.5585236832
126.006476399 190.807511472
34.3761057143 170.595155546
87.9045305269 196.220348204
88.9071610495 78.579216885
46.6953817085 186.54303654
48.9071722309 50.6324036158
160.185354284 145.987454887
157.421547111 139.115113175
92.7685223248 84.73010918
105.206184329 62.8446524426
43.5164465097 104.582893404
141.09935928 135.42253191
107.086538035 156.368857759
174.386896379 75.4205805313
71.3348633705 46.722552677
154.17920056 114.612356782
178.754784158 163.231543708
9.67584467018 73.8551756173
57.9106061613 127.11506603
0.971930281295 89.57225098
108.846359592 42.6755561828
102.19969337 151.676295037
72.6209413092 144.257535433
151.568610898 111.5866793
142.839626552 133.098067318
183.848699594 55.5431764162
189.586367779 141.405866332
138.399820736 134.288736629
103.115687191 14.1490124294
56.5773042878 123.666082569
170.925216387 57.4333979054
177.320725108 91.6869964263
123.437745843 179.947933662
192.241552081 118.571697086
74.8814327848 60.9895883825
113.888447427 70.3154562581
180.706292323 133.207206071
182.223224282 93.4819078747
150.190364419 132.92340133
185.870258687 88.7830469924
133.316008931 50.7181643951
79.7789700452 84.9471142904
64.9364414181 14.9635461484
179.240186046 104.954037538
14.4707967389 69.215507934
50.6473857049 166.662324601
84.8210895537 108.087005041
108.280171087 193.685609615
78.1202113027 93.3412030642
128.732933971 107.37922319
137.392698609 87.3958556789
71.276139338 165.273356709
168.676041225 123.646682443
92.819911026 166.77336266
57.9919907632 167.033329369
189.153463825 105.818567822
67.4099840213 9.20189012109
184.241111291 107.711064618
40.4512040529 76.3171076488
73.2079893859 12.0812691684
49.459822328 45.8624303306
177.628952329 111.447428641
146.253049712 100.533889249
99.6589243974 164.258430409
38.6857373846 36.7570417555
123.148414046 86.1491651647
49.0823530628 147.285849936
192.476980674 60.8808636494
110.982887381 112.720957972
129.834676231 197.618507884
90.8854928299 41.5809161826
99.4065434407 85.0839395344
188.439404629 128.506102657
149.818623971 106.018291216
81.9039603412 124.40893422
63.6104745131 82.6513642168
142.047771717 32.9145963179
57.4653193687 135.637390534
87.28757694 132.628117645
26.4373396468 106.797903528
187.027254617 65.5007097633
116.597871724 112.235438982
97.8508457226 180.023693028
88.5158503906 140.188045816
125.751964196 67.3157875236
97.3344658564 78.3048112539
132.450791268 83.4067680108
108.344724446 21.2168761359
104.616376985 203.779865199
104.061939532 185.132860443
32.1012685991 59.3982970009
193.061627907 85.3549561526
152.424110787 157.083218768
109.234332203 20.5453710387
184.921649306 75.5512280773
24.9943075657 39.2960103191
185.044445918 147.316562612
68.2383249133 57.5154412489
194.359491294 78.2324608544
197.978013453 133.397564935
70.801241441 80.6745991507
26.5561878779 133.149726142
104.687223192 86.8592209261
188.032420009 58.4739121253
24.6886427418 118.182417972
104.71094021 203.471184377
162.85345077 112.054849245
83.0384316512 167.554735969
159.744211789 108.405477134
12.1290853742 63.0048153036
109.52542438 73.0342097046
204.570779149 109.487435219
146.626074473 87.8189828887
51.2865992279 175.182285153
74.512672337 4.09769479658
197.87737471 136.245383608
32.9499066299 42.061915344
141.810369098 188.287289609
58.2187033352 71.0514338323
83.3840278403 96.0632728706
158.41646958 178.434310264
116.247369983 120.16003133
77.350370749 191.13520298
30.6057705254 162.504077449
66.2872330643 195.826201573
103.919289843 150.966929132
136.619968562 24.9346201858
126.927182907 178.053324845
22.0330190701 91.3199912107
144.384843662 137.595383491
161.603878985 132.999760073
24.5707481924 127.088754736
125.418935449 150.483199405
44.6489269793 26.1483489879
55.4133966521 138.746497103
77.2183327615 162.367102201
118.37086254 71.9513475534
157.390148402 27.7427151268
56.8350377443 127.95704671
159.557255346 113.58834708
172.304922767 98.7144279882
28.8368024694 90.6739771869
137.803633015 50.9297368142
112.707284003 31.6512878236
51.2049889734 77.4138709117
159.565260979 131.090969751
119.201041308 176.180658036
177.622397649 130.331916635
73.5242901123 27.0346125051
118.263253041 77.3601058654
138.198144321 182.806106231
189.188231743 147.558674769
42.2683646899 179.253247179
91.2868416624 86.9605020179
54.7737782018 178.488148857
104.581696753 39.5462020134
7.68569512752 76.3947879038
176.588101223 93.0992684776
16.2445038528 76.240018098
49.9430663227 173.888348285
37.6998141246 106.606040621
84.6974855495 151.715706262
61.1886821301 69.174569203
162.215508313 31.2678957709
170.339797409 129.61830184
95.4446183526 31.4950460327
202.591491685 120.083271709
128.170495963 185.885779808
134.934591297 128.433599891
126.842724095 145.022932449
75.0606704193 114.176813578
97.2149071657 153.007837214
85.5595644352 151.376963398
50.3248470696 71.3529424394
133.010641131 118.111773611
126.495534453 152.06445737
80.5292421136 114.383290489
164.895827173 97.2371667564
155.456552245 149.730364269
184.915103888 98.8065530687
92.6976224392 154.779710029
106.678387688 42.5393294025
196.344774201 79.6192037164
12.6245469632 62.0291740663
108.211456197 28.063839893
112.281644235 181.594724314
85.2682663885 34.7052534347
13.4221508391 120.409086228
41.043565448 175.751961071
171.128878239 100.021887995
76.9082659334 153.374432564
58.1800376068 136.288551446
48.6821004766 99.6261812894
105.318330698 23.6132737107
127.975548668 51.1470090957
113.220766765 198.538694842
185.037664346 79.1445963947
94.0019984412 91.4445545968
19.4211264108 114.176743083
172.107148648 96.8726844588
13.4554655555 53.8409352018
15.7781904446 100.092663715
135.425221323 21.9306818533
122.750241043 139.907993941
189.298607693 145.053544709
73.7204836065 106.396316668
192.515224795 83.3895680407
146.860267325 18.2338577421
75.4411568212 26.9142717464
83.0787333116 52.6085357549
164.078179856 69.9906656169
70.543205127 112.066172351
39.3980141347 127.653013136
25.2035749819 144.112027428
116.381024498 180.231594315
100.968223637 127.80108789
2.15351616064 120.109773942
105.488260733 197.308958384
184.373339835 144.696836512
138.810631632 46.4141298803
61.7547829608 119.42321284
168.161301586 161.444334095
101.864282719 92.6952341583
123.026302039 191.42914852
168.719093972 125.543643146
135.402902848 171.233909208
76.6820962911 187.189417056
145.858491075 118.617732431
85.9004068668 157.464174327
15.9004101549 136.986903207
126.116972497 145.024886315
88.9459201723 92.0290867635
135.59910212 168.771134716
115.583055222 154.243513653
136.677745966 17.0901920276
91.1128396165 177.618516336
68.355400743 164.741752429
189.521452601 156.914865731
96.7878370472 166.005383973
65.0419946384 65.5465328426
107.716742053 162.031818759
51.521054485 125.173881018
86.9773961583 181.398475463
109.21074247 182.914182258
66.1849525735 181.184521623
171.046343784 75.847615372
138.070942154 115.847890492
7.30642911103 79.145672312
29.0700159123 118.775787132
20.2156136553 81.9933740086
113.834571224 173.905309192
40.5766747116 74.2673372297
8.52153816156 115.971019401
138.026957897 58.289046466
50.7590743316 61.3714908422
126.269191122 115.994253442
32.6922337291 61.865921792
107.401528988 107.766334866
63.3525822576 175.366752096
14.7841000315 134.017756661
28.6141178906 43.277862169
70.9564065915 120.661272569
47.8002164846 83.7519283866
149.138800197 150.372154229
161.328427042 123.832467999
81.714399003 79.0981050157
171.061169574 108.642285886
67.1809060533 104.612641632
65.3240084822 33.2227565259
169.203271774 65.4525470404
110.87061918 39.710659694
110.971311604 128.344741594
24.4518225601 105.757190465
177.158141833 41.5221600574
176.259847597 75.3218280442
134.608022512 107.560832681
166.674119099 134.170851643
35.3799468895 122.678221385
43.3882851882 69.5604456586
191.262955815 124.059149793
202.791395949 96.938053591
111.641836207 108.153295092
108.604497947 160.209237978
146.0216782 24.9929838937
29.8935719631 111.522078826
123.179888489 48.6487268723
199.711708821 88.5969718866
182.41374783 64.1946759478
88.0264603483 158.71577213
41.8509099253 63.9839766719
126.690751558 163.900942588
73.6988403028 175.341723015
81.0260552503 138.314801654
79.643981558 38.4245172085
51.8214740666 42.3312789679
148.357275331 12.7770361839
114.807264469 45.850431981
39.6884776318 73.4655735295
126.538639041 115.709936171
107.830631697 165.213638396
90.8601526963 152.020775147
151.962278084 13.648560391
164.674917526 152.706109691
21.7452181397 165.066157129
38.4715397465 179.213155115
70.039919093 168.330937142
104.188671013 153.856357096
37.8222356286 180.52565649
104.564199124 194.766504255
68.2976569362 189.927820077
87.7972450969 144.323053805
102.117542687 72.2788554768
192.391041779 58.5912233959
137.16164697 37.1649026567
98.9939268723 191.774900418
11.4489897892 90.7745199589
109.774348058 6.22936743531
116.457828157 99.3221903097
79.3198230928 197.737387431
169.959387556 101.636129665
198.046306827 98.1373144866
195.775174918 139.61729751
156.267404245 124.17981197
116.422436484 197.756617288
107.343607251 142.167585747
114.325614674 6.01245106335
138.738976414 164.827571872
59.2306084877 68.8805959423
64.1065604902 109.466531518
163.852830921 126.254761361
136.76286405 74.7069390561
56.8664878635 30.7084287129
99.1409626589 139.24715628
66.255701818 48.460248186
8.56792249622 83.0870135853
45.2003625514 178.402642038
101.092925436 118.785804888
128.409889716 37.9146329144
191.205113355 129.264976995
121.300169562 38.9552842871
115.286243438 62.5203937492
107.167007037 173.513824773
72.1493601336 31.6738452134
70.6473940949 96.1141200218
92.629372786 74.839438596
135.512121808 60.4951996679
141.507860897 53.0563631353
95.4575175599 177.439204158
35.0750604874 141.803305916
159.46820479 57.1603138378
189.566430081 138.713437028
159.065775141 30.1573448776
11.6385225361 64.8283921677
121.671180297 89.0492545018
135.88797173 46.69649201
60.1487363972 24.5668116707
156.493309922 50.9415709599
25.0872663888 91.5542919873
101.255605757 191.380736268
57.174799321 183.287463027
186.806845981 96.0942448935
11.5272372015 122.763778675
149.179804389 60.8275815155
140.897958648 110.383599463
39.3011447547 34.0593176611
92.453348789 173.932812959
138.936010348 184.422067248
76.5643067997 47.7773483376
146.687610997 106.563894803
38.1346123148 176.166402362
76.0007749746 103.031052823
141.993862544 147.789453541
156.208253121 23.1625741612
189.997180259 60.0845675732
128.779275866 67.9791731386
171.559905268 113.284845553
109.899010216 178.909297011
150.825275322 70.2214069896
123.17833758 42.458644059
61.7390748181 15.6372721047
20.2125564493 76.5376710649
168.006571007 169.592915488
26.3231391662 120.02648681
81.8401017432 165.210157739
85.8420100303 131.629260941
117.393744906 177.5281753
48.0318559173 77.4032224926
155.852706845 128.550032151
66.0035954385 154.394645255
129.367260743 83.0285235856
132.291015588 52.5835744977
163.965255423 22.8227913161
27.7210434314 131.640626719
187.349185201 120.723926887
119.834012786 22.7449519812
66.2060226763 154.579334956
43.2535594098 160.137847574
101.770564333 44.278793415
115.436799016 119.150453776
124.314265753 99.1159410394
83.1023607167 98.942972919
136.548933353 8.02652185791
187.617619578 96.8793196338
135.59785181 27.1032010245
175.142482695 104.686092033
53.2616070672 190.744286949
55.6361363995 85.4559781286
40.3514860466 87.4377740076
15.0035957446 52.4782312272
71.121894771 156.50543774
174.993565196 74.5913836868
118.341265621 146.922549186
71.9284928301 57.8594081914
73.9842361631 161.878749504
158.854582483 69.684000433
81.195267439 45.0245556313
48.3702135927 30.5556803409
128.740330471 36.709055631
129.629139138 107.424484385
101.084989383 198.956027882
59.4062920547 115.779409368
87.8585840518 15.3669139016
19.3857985572 140.64831482
54.4000743844 20.4944508523
64.9744762328 152.965735486
89.7981241559 59.0045095236
143.10285968 111.523973785
46.0299100374 64.8244726096
14.9657709747 113.305110931
41.1982110551 85.3444734719
120.403019905 39.5784981817
184.940487611 44.5797481589
107.863254316 59.8351142575
49.8120578014 163.983113198
87.1704299061 201.125220671
140.517195158 57.8763058164
43.0858495492 124.01857895
168.042487544 48.280193804
70.0754326808 182.658846267
120.933435385 70.6351688298
194.589073093 74.6835133306
166.212073981 61.9091402621
146.599384363 79.6722765081
85.3888952301 131.536959741
92.8158854457 149.571275762
193.773085725 113.520544768
95.6616582246 194.321961092
38.7889418926 53.1983131458
92.7161241961 176.092186602
178.531992574 127.669618422
82.3889409537 49.9855933497
14.9929384929 95.2132707475
50.9686583562 47.5657538707
161.268935146 127.225659028
57.6227579154 88.8176579908
74.9049049217 197.304629064
18.9121841839 47.7272826706
15.854218616 57.7945032607
132.520434513 51.5837661698
120.122165721 37.4709092518
137.053096619 182.78231448
173.899173291 43.648668175
147.087724571 166.154131123
119.279549365 134.892764173
99.6049064722 74.3691430048
63.6472848251 144.369703636
153.339850444 114.335002944
88.9486404299 130.699144756
194.818812886 106.087554784
60.4431290256 121.121648866
155.926969417 155.053831103
59.3087057924 68.5842064112
193.827730669 69.9200109067
174.657125865 75.151675301
169.394580901 63.8575871093
177.346181813 45.2779962235
102.339672494 7.42448432829
195.065625538 119.766958015
125.689664492 165.945873906
195.269117805 135.002246665
115.52763596 162.786973167
98.7081328372 140.858100242
21.674157815 81.7291992066
116.824441382 196.707386881
115.581760914 91.8316580939
89.4367661694 71.417063115
147.485780215 64.2340951524
58.9934911886 52.5873211771
110.887908742 168.236719541
94.6913285802 186.71804635
189.277315713 151.632859235
59.8598830298 82.1669418528
186.305685529 92.6541987739
49.6960154645 39.6812488033
105.237064511 77.9296960039
76.1144232861 8.17313422761
95.5028149717 174.489145986
61.2977381254 164.688188831
98.4420174481 70.3762119086
16.3056518868 58.7664291705
130.16531602 182.802210414
56.5883508807 154.431126256
64.9121277881 134.497872233
60.2458558717 175.555306292
37.6471650527 84.2549170279
173.49580986 81.4821839569
51.7401436669 114.585778374
107.715133335 45.2746917149
106.094195332 138.500699285
124.054456164 102.647948508
45.5422405738 151.687307089
83.7800584248 21.3744043922
81.5048333443 202.647832486
104.32795174 117.556000691
155.144176703 169.252838731
135.802114109 66.1215236032
140.996416309 54.7356086828
62.3449562294 137.780714622
75.799727505 9.78410865084
52.2551257898 171.420781713
105.518031823 63.8514499254
87.1833227847 91.2423787183
167.536938506 149.045949004
72.5502920236 197.200469436
131.199193152 180.322163416
46.0319711011 104.503083828
82.2126926984 49.465747705
64.4636647231 140.63530143
53.6593639518 29.7801715886
120.566412133 85.1879758919
92.8149038208 194.415370681
183.875805064 121.85331049
65.942412275 26.5424096598
68.3918762916 53.1848489647
62.4465906329 132.165526249
33.6093154977 26.944323475
78.6885780092 123.845546462
25.5167295076 77.0221328869
96.4105885511 71.3695249856
11.6032319712 80.8281276875
45.6456965587 175.574387031
166.808224293 64.9368767728
32.4118265559 34.8495497999
160.063573734 93.251755005
159.760173796 172.36179316
117.267057705 64.9574973518
124.848523675 94.3810298623
177.43691797 82.1453310337
160.167069188 44.5841159041
121.664570871 44.9688588767
69.9069543438 192.733550998
119.340968675 57.336125213
157.016843704 143.288508475
96.5744696156 73.3696513936
198.548239941 92.8280646556
183.602165028 73.2136910439
25.8662400447 135.644081694
146.099726757 83.4025812284
180.673976438 130.039469339
30.3064068585 155.770955119
85.2210724425 3.25162149286
107.257344078 103.409766955
101.864842445 181.883075133
140.923465151 107.641454911
97.4560204445 188.839996025
41.9556941906 48.9308035709
3.75023396016 120.360537506
21.9873125024 97.9602897562
98.3855798757 171.817468332
140.74929977 106.522637631
95.5002193141 182.387059892
105.816503933 44.0528770374
159.012078529 39.509632814
163.558094077 97.1940459154
152.279492028 44.6455040097
104.350124146 175.809383578
89.4364362607 122.343551537
40.7315330047 152.650970837
118.869456097 195.8185738
94.9448170139 28.3308001234
178.892271892 89.8236695955
139.345131608 66.4715339368
68.3201492987 62.6513183688
76.8212100839 75.428791943
54.2316898973 36.8106251432
16.0381250375 128.719316265
120.893693381 178.600188628
29.1765807526 31.5346476777
167.011255861 108.313729962
110.511937819 153.69898776
142.99402234 103.698010077
179.771694423 86.7468105354
46.1529700574 129.084540246
125.058162284 197.365512356
127.405263515 94.1779923594
106.568272321 202.631540415
50.4983596768 28.7118645196
189.47178184 88.8353912823
57.5413000349 110.549283514
184.353091414 160.657889017
110.152312886 179.575706447
129.525119851 201.483201362
76.3554888381 96.0836503074
28.2086838783 95.4883229969
165.524497858 111.706107299
106.770056396 177.379703274
53.33715205 132.115711209
21.4814738517 98.2900107946
197.645293384 88.7986731847
58.2209946397 43.7625326191
99.4322648762 173.820599086
111.7590571 106.300108911
89.9977521482 130.099845692
81.7153127484 154.542251516
28.1665408135 116.955446448
106.463743732 158.319268648
103.448717108 3.89154270531
197.496305404 134.683169252
138.02289821 109.610419887
160.560706443 28.1877302728
125.918195635 161.427872229
166.901422302 144.50193861
93.601287223 189.17959767
83.1255891537 3.83670182071
168.717541148 29.4037671439
90.8052321375 88.0259430764
44.5497961057 146.95045303
140.997507735 196.902706999
25.3586671535 97.3463118368
93.1676335589 172.534080476
26.9517956167 44.0256274456
192.669429834 88.2550609175
130.84822154 120.89458319
148.597245043 35.5445736058
33.7634983854 73.5462377832
171.393615262 104.390429434
76.1082853561 135.352066985
89.9199945665 120.93992068
51.7471139544 77.193783161
45.4873259974 37.2797362134
87.391320373 102.323007029
55.1477157801 172.341128274
88.9591075299 16.0944471198
162.925136859 47.9518168374
159.722304461 160.138775685
79.670751537 159.663869231
145.487161738 175.496067304
68.1848675317 136.345896595
145.207132884 84.1581977372
105.867571883 137.101313541
115.500093006 138.765079986
25.9410521198 167.241298434
146.927867147 66.2566764427
182.411129714 71.5080473104
40.4950647215 153.29908597
