118.836456099 44.2207446577
30.0921836086 161.907499316
92.027308614 186.038522101
71.9158782427 59.1907355981
120.365148419 183.242526733
100.961660494 59.1666361044
35.2589927513 92.1836448141
197.054611769 121.960651183
205.911618091 173.944841778
26.0988653815 100.453461773
72.7460279284 95.793901221
186.793998248 203.986655081
84.9665248124 234.556995358
175.191742815 97.411228674
108.947331529 52.5867747302
211.486559394 44.5771042933
198.950592081 146.469158807
181.831623307 229.02025147
213.050671342 135.129785129
121.057984513 112.27234856
123.838024299 205.529081506
236.648349427 142.321873625
63.400877024 42.3564185952
74.4314208596 143.796516725
68.6641930829 132.05262244
141.140569697 173.296683938
139.612028494 40.6965848111
122.445990493 78.6729638087
21.3034071469 80.1887388032
216.029681567 127.394970448
73.4940429273 206.299724704
183.962953568 58.214597706
60.9816421128 118.608589339
144.926504885 66.6045883694
148.854535232 72.9926968637
150.947885377 221.129652061
24.8311272085 117.10270367
120.333281371 141.863493722
143.85777084 142.907749474
236.569591601 141.551983758
139.181574081 71.1579783703
106.837036793 99.9652921274
193.792007302 181.848457863
27.1221670478 129.947114192
197.113550834 142.161593109
150.569849605 242.579541751
103.903496748 32.1760338568
165.801000316 204.009032915
143.48739758 164.124808201
86.3058438542 99.6161029149
211.046092252 157.148503398
29.7461862833 163.842114457
28.6211614086 113.246517322
134.818428301 126.159488156
172.60341947 32.4554125514
140.648916509 118.717927112
77.0733545919 26.8602365959
185.513170892 188.504411328
222.749351235 102.60203155
102.579945594 203.936227782
74.3133349953 48.3572353139
152.244042018 211.425339474
101.336351464 173.28736463
186.085001821 62.3490921981
172.247257265 140.750929327
136.498884048 178.444334786
115.909059491 79.0106738279
77.0438135258 181.322451253
44.880467477 195.984397747
183.032749091 74.5768209561
95.9873205018 145.766901164
123.02922968 154.028134357
20.3549298409 155.358639218
90.5214300953 163.685277624
232.907944957 138.29514774
141.502669481 22.9758249231
143.538605282 78.0652005134
216.667364144 192.06242649
50.9120825176 124.83536742
188.904267088 75.5662069162
91.8094708969 60.0091972267
219.766673519 145.289038548
73.3400918828 59.9857653521
160.300658057 14.5023505878
36.6042411287 145.02262245
95.5603144764 135.106662664
106.481311209 125.688039066
155.280461868 72.7078891218
219.888150829 77.3404190422
74.3879213901 25.9791696099
95.1978841216 179.954253056
125.720725886 13.2187950837
87.491849855 233.822431033
149.473484538 172.171208185
158.120974405 101.853113839
201.982700292 203.660108752
185.175927264 131.187791372
177.440322218 132.69849732
78.0013367541 195.189418072
91.6432991046 61.0039730788
210.683512215 59.4329839008
169.261225219 103.524348591
29.8195380295 130.58396605
172.527097706 178.053954444
129.851578932 51.725576742
16.1194152124 106.519672295
168.630875641 100.422161433
169.836165924 203.775368083
165.32582256 192.120592086
113.923881751 171.282081153
51.3563858622 175.090918629
20.7640926722 103.39492955
127.257340606 186.250414775
140.722591406 14.4224063754
119.038279192 217.396802657
165.188975857 200.916810848
152.316292183 31.2591212534
96.6102728159 75.9331062366
179.683208412 187.231507008
143.818884029 87.2774530746
69.4180636404 112.090939414
53.7986619817 60.9903586365
17.6933936344 103.863953361
196.815316677 40.0475753834
125.484617891 237.030365567
57.2714066656 198.339667241
128.17871274 173.210107016
49.1942643343 207.169860105
84.2718927452 230.085435801
100.54471325 70.8911211111
152.912260058 238.725448387
70.5457667324 231.668291281
120.991895791 15.255207702
103.293906267 164.636380727
137.348877525 33.9865109595
182.114857672 160.950908879
182.31174056 53.530639787
181.414280651 108.156647196
217.175195053 53.6780741532
115.958801444 105.09064182
100.749087957 95.4280810286
133.532494763 157.250503262
151.941893372 60.930204623
105.705295803 112.838168679
169.719509654 130.530515011
186.487034697 123.472514188
103.834117038 111.857515381
245.014281511 134.705307814
137.507633321 240.205545317
86.4617523056 175.908301841
120.049406522 162.72985582
80.8445578151 219.108517674
17.6881022655 109.459421633
30.5096164726 95.4317224486
70.1820413673 99.573419957
151.810267033 147.343803408
76.9342280982 187.592053373
82.8994911794 97.7208868954
244.042788533 122.075740316
207.316363427 104.285165608
38.3616733756 56.9539364652
146.736346726 84.298842172
136.999420779 128.530289094
82.0916333817 41.7788023691
107.143386663 201.183989516
208.906517117 167.812408824
71.5650276692 35.5702349587
155.88402139 83.7220332977
111.333969171 198.982851157
48.3701988637 59.1345654354
198.331765605 166.495728645
85.3241991038 49.5680880828
50.7283011976 71.8930668262
229.134424207 85.9483734807
139.724578113 196.259866386
102.09594007 89.2024622554
14.7762019548 156.601826971
156.647506995 136.71821035
134.743011541 193.715626679
69.9804284933 64.4390323623
129.215974126 93.2925063743
86.5183483351 47.6893280158
63.6082424926 130.6798576
115.920269347 93.855966497
161.960344458 215.205732331
67.2401266367 48.5366742155
94.2047362655 224.613245893
58.3034433976 86.3948928541
195.726640807 144.219664676
69.7297140087 90.4404524923
115.994148693 80.6675073582
194.649168455 223.955517716
145.762343181 94.2609650515
151.714857172 140.704154833
130.174637816 56.2908922303
66.7688155999 152.905434584
152.434880393 111.884727682
195.640345074 176.254575722
90.3982335587 169.778551744
159.960463672 126.501633531
79.4706825705 128.302896341
57.9900925606 58.1868006786
83.7191513395 39.9551359706
171.022656926 113.137674674
188.729084868 179.87753858
66.4214494249 123.602733132
172.680244582 81.479201439
173.751453084 112.525250981
141.00194681 115.248529276
203.793427202 65.8670378567
75.0261336718 130.461811696
169.585125157 208.78479614
51.252080618 125.781950278
41.5468253447 155.354129911
192.676200856 188.251408931
174.80599762 233.406535602
102.151843871 186.382316749
184.159434474 125.200842037
106.503881815 94.5557401287
115.811433335 21.9923428143
116.708441349 167.322586233
159.375888206 170.959610743
57.9726103929 142.228919495
136.886217226 173.151161508
223.518499799 156.128711431
219.727922342 82.2192359759
41.6241742274 155.380292797
60.3978976853 215.821100279
171.697724445 91.4096461441
93.9131295518 79.3654264013
210.800739478 183.406224135
163.005768024 48.9648189039
126.16470685 92.415791218
132.7343496 12.0268734175
116.527812681 120.635864935
180.276578673 231.151464431
20.0133345309 115.542660001
92.9371445235 178.691197786
119.250463438 69.2295153681
61.6883994255 75.7931059828
184.256664483 46.3016839849
220.601907674 93.7625139532
24.3903125508 94.4525412263
17.481431568 112.25715269
177.704355077 140.572947465
138.470680511 53.2356500266
91.6954035189 205.737384451
159.960701438 99.9842071236
71.2816761782 146.763800844
72.6736870391 97.9395725243
124.726415284 111.891246474
138.719029331 11.8970991853
93.6663733757 194.043678771
117.907415421 160.432033785
80.1018839543 37.133130687
220.051685122 77.3905737748
78.4071750265 103.515590228
189.419966438 169.263020843
217.758569874 58.1469337266
89.7369893984 151.995640986
116.742968938 20.8380202494
116.063934569 239.519420991
120.197105187 195.623621837
214.014104214 209.934983975
80.5900748374 117.069576615
46.0556904302 138.731613759
85.4675015321 157.538807031
99.414673707 30.0142004973
236.751122427 91.4923899211
170.516605723 107.69522597
47.1745153909 55.5791999765
179.430170614 94.5914138352
22.7890106374 139.156419723
124.345701101 127.375051383
220.091210003 198.445891881
137.152143928 190.776656818
155.329421502 68.7142333097
121.506920786 88.2314181022
79.7472586673 194.865600186
112.096229908 93.8293135568
107.500237365 16.1387599542
56.5910178762 143.561962981
206.126489614 66.1710172405
159.377826412 75.7758201906
68.4882207207 102.408993692
91.3645189894 101.491135332
107.152195081 59.9944828177
195.937355646 139.901962807
72.1544811081 218.255754512
80.7077547928 234.623706332
41.1742032739 122.275025398
73.1170541173 82.6087259388
192.306038494 35.5589784255
20.1001132596 138.343097997
48.2159209438 163.331337085
205.036978376 57.0517066572
219.770173287 80.1687077272
116.462373274 242.490943321
30.9606775463 169.847496056
51.3047139633 42.7584154777
138.212312285 232.288765571
188.882234334 152.472450886
23.1371743512 172.531558632
79.9761561897 96.0679444991
86.460398155 169.543274769
81.4552432486 132.134330443
87.6460341321 172.991163165
110.887491088 168.686347819
124.678893262 109.586599227
39.4244455178 52.949305143
141.813242714 142.552400572
154.823759484 198.027851546
39.2361576058 206.016596993
39.5417975164 121.193368237
175.333866028 51.0075830051
151.548898363 181.72803934
170.890813398 210.599000022
174.080131534 148.328492675
170.369839933 111.730970705
111.026487319 19.840959527
113.782487795 109.925397034
114.65121159 158.511042974
153.644412963 76.2717748912
141.427985947 107.566087867
143.636415202 155.801852776
214.530669017 180.742770212
37.3741247194 119.408871475
98.8134870994 74.2541795426
145.681643175 143.299050864
150.31110858 105.215578293
147.906872504 179.508491596
214.192572404 68.8269341268
60.399637654 142.580288589
141.149427403 166.073337546
230.42562792 117.617533571
113.7589942 188.730279042
120.773355118 218.243865817
175.627648452 70.7350042059
141.292607108 224.385148702
137.898822757 197.60368803
53.3570864041 176.353317167
104.870488076 32.2269878564
151.504807663 84.3332332531
213.647376806 190.291897837
117.997564543 95.198216121
14.3282460095 155.575638527
59.2064304175 90.8073721316
64.5304394147 222.261443563
79.0758822592 203.359596534
132.840746565 204.855005136
116.565310927 199.342388984
116.976535787 94.238351775
57.3728358903 170.696837215
63.4939774126 105.671221486
237.782870258 85.0917631137
203.984346298 188.18522172
58.6985629997 72.624369578
192.602926967 144.18718428
149.900890071 119.27633381
117.636891792 209.392494954
171.21295149 124.535348297
75.3566262978 55.4669258792
98.8931306691 33.8532824048
53.6808833412 219.9491387
51.9251824455 67.4016531061
88.9633324316 39.821584705
154.813504206 86.8329256003
159.875650007 36.3817188012
165.729665761 111.896063112
46.1521247036 177.279512439
105.879732899 99.9030102548
50.8677358048 171.466431678
74.0002312407 27.3102282168
134.707599291 148.175365049
169.14342536 50.7359092951
213.926533367 158.236187741
174.969760078 185.29743194
150.477228118 200.497419947
137.64386742 139.409486973
76.6453624652 60.3440653088
179.549424276 214.344935401
158.515087317 225.83049168
94.0642061491 84.3183352201
85.7400324628 133.707910756
113.917775595 76.4374420304
239.804938702 118.08276232
101.185010959 203.696655586
133.974796761 242.418381005
74.6772039486 95.7167193474
195.249378758 204.515225694
44.7437721821 180.80720415
151.872479109 231.433879891
111.083164015 97.2535339997
49.2897146541 183.548506417
111.233043058 225.468652089
93.9944438477 100.843426036
106.712199621 97.8756885313
59.059139474 50.4065348453
164.52455738 133.223372521
147.639239967 233.394514972
169.74036071 178.869519182
178.827507391 214.942337697
143.878353468 93.0738520777
160.031310665 93.3984100465
237.691782907 123.528998015
155.504762551 206.029258798
229.506444441 132.355734538
130.446741606 235.370656581
112.130064401 241.750115784
106.063867507 12.2494867335
125.276065223 194.821658207
107.852147149 65.3127996663
81.8098711479 151.565695607
90.3040702798 51.467871112
23.5699970212 108.848722049
147.530465391 189.411187519
55.3393390215 41.4390972982
118.987929113 106.81686239
134.661547352 23.0249328583
186.364839158 187.681540929
232.438151184 115.840318408
114.413606471 212.319902028
204.429615792 117.712174837
194.668670466 44.0549287084
162.345744223 228.793360515
38.7464751932 139.727282293
204.727742529 102.3713991
68.755366714 113.886289676
143.980415022 227.736987128
84.594051514 88.5659998916
105.588737965 160.13559708
71.0086469225 33.7362766432
99.4422374711 53.8646690849
138.66592855 219.816744163
38.7930817004 98.2792896392
65.0897336 50.2466264574
212.155352069 191.760180504
82.4765969701 83.3754225974
132.65370453 79.2721262753
155.427837396 127.746125809
141.261826875 73.1704625855
119.757278681 73.2658175256
183.770053125 207.436159365
157.79040677 47.5897010472
111.63535304 121.300953655
164.285651524 27.2470370584
15.3907536502 113.544560985
22.092411085 154.755061886
177.325545367 73.1358309427
102.959968545 22.9806140598
23.7238280619 165.132719775
154.619356654 124.114635406
70.1327410932 160.184210272
90.6256949943 150.834204229
223.512632422 130.784396988
174.055574332 73.1661042691
87.5317170988 100.544633241
133.212135092 47.1854227992
75.0219083636 40.6988991673
54.0499904095 37.6931710679
119.357058322 199.317211826
40.8980568156 204.023834296
99.495470058 98.8875492347
110.541317079 20.9506840657
113.482467567 104.130468697
106.473106634 209.475043383
223.433498699 194.340840123
196.315010828 158.0174466
225.209818615 177.496696985
206.773542237 70.0565382318
212.295359306 118.677474395
96.7408841871 68.8197648658
88.5481516945 141.161004069
219.487164292 60.4198808353
108.879819313 54.5086125682
213.565971495 154.174255051
205.535661938 109.426656579
202.398523712 47.6704730036
179.534661094 51.9792848173
137.092984963 175.575256184
129.454830058 236.147618283
20.631934169 105.992453642
227.536899752 80.1808110959
142.153674121 195.96935238
116.281041998 179.000684419
136.713611567 109.974331833
226.693122632 76.4910351721
137.0881144 47.6257774476
171.666598075 130.879468112
121.652397096 154.234367391
148.491196331 27.0038757234
68.3426559909 88.5096807289
206.80813762 62.5448382443
208.328788271 52.6970358006
136.29903025 11.295901657
134.55939987 85.7161565325
209.153719559 147.969011928
55.1716008542 76.514740034
59.6971063148 137.919198338
76.5410749146 178.38806675
82.936458196 179.629128801
57.4654191298 200.374338663
158.604180393 175.858152822
157.849381146 238.441617597
60.0722520149 93.0603152546
102.881807237 139.179284146
176.001951299 180.077540017
239.508915759 148.675047703
35.7463817471 58.9321300734
52.6661408832 120.586551154
156.353564828 222.508749169
44.02339938 202.442553128
81.739882936 71.4794192732
183.211275753 197.486893484
52.7737084156 37.6271987345
29.9361663012 79.4243262337
77.0345878953 115.11269984
231.222771758 109.832212215
141.912214753 58.2697963181
182.917054139 194.406694066
127.095232466 116.558346703
209.809939702 69.8621085671
227.531566227 95.7337310067
227.317873216 98.4068413499
60.226462922 45.0617246316
136.142727995 215.277349495
142.558757961 237.825321819
205.951679559 144.304997611
35.2719801018 127.475637755
80.8919739196 236.532807669
185.408768678 153.714671688
227.435771077 126.876461693
168.91691683 139.336734948
76.0984307279 102.240967272
188.115909998 158.459100474
89.1207129583 83.2461188248
231.712839704 172.492678616
65.1733192639 196.32076105
162.40041541 37.26865436
163.871185424 63.2398403389
28.1365136711 173.802193097
127.145261565 129.057536348
65.2552797226 97.345038513
138.035720055 49.3740296871
35.5491555943 129.87546844
156.921230602 65.0662693322
193.770509579 130.037906661
171.437282149 120.399405488
82.9046463578 101.247109598
99.601106122 191.717456086
213.436543948 185.023718619
130.55428091 25.8109195228
63.6458772491 104.570010979
140.462095842 14.5888751955
61.2543104051 118.148082998
51.4083296752 130.102915485
32.5673230501 93.2245194902
90.6550945724 174.352806832
21.9921220697 121.598573749
189.073035412 120.05038039
102.178849921 152.106384809
144.133402635 198.133605288
70.8745418393 156.549392777
109.120302625 155.202675608
27.8915187038 185.551361524
127.98886716 18.589068732
173.967988408 137.750575491
214.975003516 124.645205054
130.819543287 107.042072801
24.8713424952 180.751613868
68.0717204873 185.440508196
208.545737243 96.0180344031
68.4965164247 152.3158491
38.3821199974 143.291663217
147.153271679 179.806072624
134.517616863 197.374939904
147.107880272 31.1999725925
200.433794272 64.6052293891
168.677274813 100.18224571
181.936416237 169.962844638
41.9657885378 64.5279825937
196.435070354 149.042152601
205.721854926 65.5802624432
173.109889449 52.3319828515
98.5860099918 176.245619873
143.128754991 18.9159970949
96.591220203 151.199626679
136.656476334 85.6179680709
82.2791960697 195.996814498
79.3253360303 137.297832852
88.655719294 76.8382814919
41.9031950657 151.622944946
149.306350026 122.508635609
109.904915253 138.500830023
129.536409749 215.109318716
139.285168176 94.9137742982
107.047028601 218.616753881
27.9024734028 115.285447874
67.1281167514 97.7192767881
113.043623886 30.5000070418
83.6730502211 82.8550412932
52.2963427238 51.0429577886
88.8388253796 41.2265195684
44.5011051033 118.021189317
162.397115129 76.4345026199
86.1543205805 191.955341683
168.795782497 103.782391404
130.142551283 107.237251878
62.2340911055 51.1857610449
164.377236884 80.5356174492
218.72406922 109.723146871
141.797881337 131.697065971
126.190467522 56.4140005072
151.067181942 183.749289185
90.2775551963 205.712299669
35.4822488327 189.441943845
121.559512335 227.940700272
199.356368839 205.1654559
48.5070189381 151.315089266
146.29658759 162.710779707
63.1073042675 133.957541181
207.942216804 206.234739523
139.009046728 67.2505688565
182.428827935 128.804901038
164.249631658 97.344118401
144.669373141 156.568989366
80.1215406226 80.2508127874
99.2247773444 120.460331729
131.095352295 63.7367777094
116.827771335 95.5156390372
218.742693538 97.9782587113
105.604184782 191.647341955
204.089109426 169.002720322
49.6729985929 210.920391841
229.033228759 95.4347518823
146.946189756 180.443509448
114.744564037 164.992777554
47.0658183207 123.57595866
194.094537822 216.744328995
197.534271585 212.653046916
99.4809200916 48.3898537904
125.483977029 227.167678266
169.522242343 181.435099505
65.4651287029 153.656796239
36.2879180607 133.255458521
129.518760413 18.3541734969
141.775471654 138.416144691
106.71700357 105.146897817
189.718422738 220.189299354
115.641473386 132.250272002
127.25727657 139.291042834
220.54057691 150.342224543
75.4659723494 187.384197374
186.036800298 79.2558961185
162.823956554 179.680428741
73.4311613056 205.363525553
161.336416801 103.465121692
146.430662139 146.410803757
50.4035982737 57.224192481
179.750208525 183.531377088
43.2059334585 81.4822553593
56.8155039992 196.949925558
108.355194076 23.3297496278
192.597781054 34.4252573866
199.761862526 51.687447527
170.188223299 143.293649402
117.966815855 36.2571503735
164.561435033 133.419603073
32.477739213 128.928995986
73.2272081835 41.1666352447
172.18847696 117.41288054
77.6901644741 54.2510488208
77.8943865088 34.8065742997
227.403311416 134.882616835
62.828006129 43.4333634505
94.0657651017 201.440883632
77.567870472 74.9774738018
174.558209672 25.917190995
122.813601475 241.98130607
141.565490606 21.7002992743
60.1022813104 43.1418311761
96.7117498076 67.3694887226
234.652579535 172.260423316
224.258052303 176.922514352
157.55577649 143.429572663
214.66989058 123.01628488
104.625941986 188.680696964
172.25000514 98.0637908742
125.323571805 40.5636021025
51.3442892009 98.4748640637
108.204178538 60.6878906753
163.015009225 173.839382832
65.1192121291 178.051482701
42.7328317779 63.7223579484
69.4176520221 118.192892338
155.862691527 83.1009113576
129.026487901 241.655748934
210.869880406 165.814827544
145.532422033 241.853723925
151.451710979 79.625955548
196.260986754 185.03608652
92.284443527 206.053251462
133.659864191 47.8292842982
154.929360252 222.850798785
23.5388518985 145.141698508
180.154691051 214.553008321
239.415062666 95.6345972445
221.747352188 129.911829176
229.335515646 132.567070791
80.4120622314 23.1866736438
89.056850389 34.7644366145
146.90518535 146.19643385
39.5379032668 74.7155574654
78.5380791047 43.0582087747
39.3706779357 204.612580896
51.0676051251 217.964011483
231.21457058 104.732017921
125.143305662 33.1890117426
165.52767191 46.1331132169
167.205990809 146.285027714
145.215341534 55.1407506888
99.7968725543 158.953787192
117.59812071 38.7298023349
119.321674372 178.267171109
125.103128316 165.387961986
108.272559444 44.9547860111
201.088794097 62.0109013059
126.831393965 148.22391194
140.355250683 212.531798989
104.867749801 84.5826984848
186.697901519 125.250526356
158.083435958 14.9674136838
127.571648145 213.911106599
72.2735189783 61.1431401326
89.0756166854 185.877686029
87.9229440529 143.742314899
197.688588224 109.169035367
165.220302557 31.392751709
143.146415151 141.336749709
60.3358900716 218.551042368
72.4196165702 197.569813118
193.328347932 144.666518868
23.2762577773 118.431507831
182.474790735 173.706459125
209.20618266 182.28244782
164.604947842 102.736567919
115.679691191 145.500887077
37.8765067988 179.927863482
139.221800031 182.326889469
224.015075352 70.2909050133
73.4252916948 160.423715664
103.750376825 129.351242995
139.288626747 229.264717503
200.190449215 109.650564108
211.353554806 104.805159877
101.330801983 94.2553459546
144.167267516 63.2074604882
46.502110493 90.0367402631
76.5818853884 195.409430424
155.622816775 35.6735894476
78.7842539206 86.6829631005
26.3327444344 168.903404664
71.7625332017 53.0297746489
203.721432842 157.983508692
139.221783174 177.463058199
154.452695257 46.8173699615
128.50984394 101.626490054
153.299602446 153.896104599
160.514561456 235.092854529
64.0148702484 203.542520047
194.556854277 175.965613729
201.243779743 59.0010664642
132.870683674 43.8848380105
146.56348394 23.5555853816
179.989008994 207.07061232
54.4697752794 205.351827764
191.294612576 110.379904703
209.857742176 130.156472934
73.3801369669 176.881059393
127.983823162 206.773710827
36.4036184227 86.2264135472
64.2125845511 75.7820143388
118.083761485 55.7813400108
164.090838879 178.898048704
105.587931966 198.676795645
43.0430040207 135.469979686
196.290742884 66.1363948989
108.834906993 76.5107948678
59.5045635587 187.154637574
140.052375717 195.826235665
80.1828842162 125.839735462
146.738541954 223.240911394
224.640718542 122.357862108
98.3599216776 166.528797013
163.501054331 137.898225993
117.148711718 167.144550332
39.0694401044 121.823797019
95.0818942721 109.12131217
42.9127624168 85.0150607423
192.840867275 200.791094038
12.4416105531 138.119459019
123.244254986 186.03585555
43.2880459676 54.9869247308
144.918448853 177.358689009
140.422747169 32.3949826996
203.744570205 207.898454062
49.3928316051 103.946937923
113.791828621 20.9297253759
139.79806336 231.624175385
156.997401452 211.67070101
184.986608791 80.2765664286
132.300015514 240.892967908
55.1931037888 37.4518578828
183.56836486 50.3943117982
108.244903066 164.99732941
46.4534757724 89.9190773403
158.227281772 171.587923617
156.994167449 82.2321974335
236.762222315 110.430962644
195.195272998 55.7665731592
117.738808348 234.682814426
113.896465126 110.596772801
108.899647362 162.767524158
217.784292487 123.639939693
192.661531581 115.609753777
134.172014443 100.643057104
188.785016596 215.147275119
99.5351374639 111.639029747
72.6321845576 131.717555588
107.485932964 185.18478098
24.038168297 126.570842738
159.365211858 17.666823621
168.144237455 82.7314436109
23.4404938023 180.536293477
166.248877739 100.269371398
152.628925708 40.7638322311
29.7982775526 69.8006289443
75.236139621 186.847663591
58.277920791 143.136983021
40.2814064802 110.895985813
100.352011196 26.1139614618
133.740322886 13.1213951992
141.569520174 96.6124477031
38.3177592519 154.872978382
118.838825016 199.547437188
39.5922974603 180.905831669
111.552820451 117.822123724
85.9742052048 177.717723703
162.899044335 124.943860057
177.510057077 133.551264918
112.615903137 133.343351368
77.8426836725 72.9575294452
230.783931358 134.806920047
154.049459617 174.020126255
40.6043214546 72.8139018678
208.424462177 174.967902873
140.94027148 130.39238307
82.1592078681 225.824963567
109.22045575 170.462224272
62.8024514335 128.097458176
189.651142379 93.8455118296
128.971688372 142.491533646
36.3781408516 153.672572895
164.882341902 158.855070188
95.7877979122 133.007287353
147.716769654 64.0092735838
228.960801389 93.64277607
231.329206282 169.518762244
210.25827562 85.978998886
203.265305481 69.1357245562
207.448045712 48.330772942
155.134986059 235.392040132
103.877823122 97.7241844225
228.303068112 134.220048135
100.494224078 45.3274743562
37.4590753784 134.095050987
196.202365223 175.662560747
150.874899055 198.302630491
117.762719711 186.001422707
190.592382829 33.2519545716
234.760595051 153.031330014
12.0995510306 128.198568731
41.9715807708 129.622264845
235.568598784 163.311447274
45.8667528169 146.365831043
43.2269110226 76.3790225818
26.8168233608 119.825592211
145.72424622 81.0701289145
175.781069867 79.7932165597
88.053975664 53.0761124273
155.906485173 46.2931206426
51.607462636 137.232011518
41.1701662726 88.2626675452
48.2781208605 130.658677698
81.2379097229 76.6178416296
100.064389607 48.4683963407
128.034379758 45.6565209703
171.230448044 149.185600368
162.012659546 181.916550783
121.100170302 60.387702825
224.275875302 156.359766632
156.203678758 101.02813905
162.735175399 192.97967731
44.4448196631 166.08136236
57.4731683805 144.419703028
145.107571381 132.054463687
71.3546645102 116.854050693
90.2440198673 128.554180908
39.953910608 125.129376171
209.770253362 177.371446829
203.950088744 141.057862999
156.330590541 61.0234271769
134.246803536 165.465239822
66.0717226953 212.718213235
119.523820575 222.035256396
36.1130833685 174.24522067
120.335039437 165.234295411
169.133750191 214.334556337
42.2933989616 74.8603755007
224.122692482 106.14862464
182.988137926 193.220346411
211.604770872 146.454512869
95.9439380314 23.0133787589
139.859945297 43.8919196373
148.406798369 148.629631524
106.96172858 229.44147559
140.857288641 191.3261167
95.7298820538 186.598448098
125.442128793 76.6021454666
130.909162369 195.230321273
26.4800921454 119.326736675
114.048920927 23.2158919442
148.152898245 50.2976691876
135.28868653 110.832036349
176.50295471 99.0378172396
120.955599055 178.801163881
60.4379571643 72.5576638326
146.633837783 194.150015165
192.733814497 170.765354632
138.418556962 14.8335025534
173.327263753 59.4687153234
135.184855886 236.038614001
101.122447377 38.3910837435
80.495621171 77.5406324519
130.385705558 166.512487459
200.305702301 63.1148590799
198.901098088 76.0213177314
215.571691611 204.535389508
219.788770654 141.089096635
165.261896159 148.907808467
26.7897583435 168.969907343
69.5193959447 103.698151215
116.707754488 67.1426039697
43.4345007465 209.542987476
240.156695426 92.6004607026
146.827359347 188.745913898
70.103156157 98.8365761075
21.2042478473 79.3516416423
51.0085237904 215.16638999
199.750823686 38.8892180056
36.1122971597 76.6138605525
144.417116159 193.644045877
62.8074111757 48.3265180185
173.637016867 152.739614362
194.472060056 188.452747229
177.231874437 159.554915454
24.2068940685 132.103950468
178.972643871 160.561607778
196.939250858 186.729785721
45.2184039021 186.924548023
54.5961065635 40.9620425632
116.417591402 186.720430234
117.88006218 198.653915555
47.219318732 161.546965267
108.166565949 132.72175857
155.336004835 145.413896702
225.496345019 144.495287877
132.292308868 200.631242346
182.074693179 115.507854199
63.6344273233 177.45834921
175.204681258 152.620965985
45.3937139187 91.3332059748
40.7763994654 150.304515666
28.4678301426 136.99690835
29.5307541706 133.987701192
231.431424781 185.811655062
212.852245655 55.3117813268
112.907502434 34.0984942257
22.0576379369 145.576046839
37.4588402885 142.734556392
72.15702089 163.825778556
124.104417745 12.3238707285
173.159193704 228.751639898
108.557534193 83.4269728956
102.874816405 185.663368365
147.760274038 18.885645132
155.991487269 130.799237777
194.189969326 184.667163048
22.2784779048 166.676865389
195.392772766 167.676246953
238.72757544 150.441217592
83.2572620289 34.7031577974
77.419627297 197.375980486
190.907915379 153.361007279
26.2367606553 146.108132553
118.975679245 85.8347170083
97.7855548661 66.8752164991
86.2512581589 197.957012809
143.591078176 115.455985571
62.3375695418 157.173317176
63.160526329 166.265722103
101.034644009 69.6251433597
178.103578175 38.9359036194
150.296824481 175.578622399
47.4819365954 109.50002643
96.8533064423 142.240669765
128.810965318 241.488675926
78.3437928472 35.1484712795
198.075203804 99.791757791
44.0115059083 159.294123342
170.002587253 57.9081845009
163.465463957 159.423795826
205.780458443 215.838363176
215.824448234 109.091248897
45.825345837 101.215434765
192.405577328 54.8547224255
178.906479086 32.3235290079
62.6827755411 47.4098602788
45.6905518995 66.255990827
60.9519489925 78.6161670156
110.819485771 89.9614736913
72.3470710079 153.372316159
216.257250176 106.068206106
211.691273385 211.240435071
164.856850552 164.717473304
128.953326972 238.204804618
192.573729532 91.4355496012
27.4414340623 121.754335957
129.482625617 160.477848059
117.477325369 186.690956877
24.492231991 124.758655276
208.312866671 115.47516304
25.5640502853 139.411042567
58.0932581261 101.534215173
47.3886345176 123.113475858
189.014437542 59.5606143195
197.920164158 119.239809237
92.4795403742 228.076982001
101.03472519 215.802625907
81.226783438 192.450891645
200.763327492 125.01103537
36.1346446743 122.591848841
218.243294043 195.031394574
241.606632562 103.63048121
121.37851354 202.190463988
67.0514520354 46.4539344384
116.836728423 243.143087189
93.2196219786 98.8364344078
105.690244189 96.6752463843
132.16449469 232.992331963
146.148346024 232.79198504
51.5485008018 154.407305355
171.689942854 105.177476545
127.864722357 74.1535846267
72.5498190448 108.926712316
178.245432015 229.409386413
88.0508510977 177.529948037
172.85366748 111.868023846
115.493688374 192.944894656
77.994949675 101.307417364
58.5628466296 88.5676653318
89.2291267897 77.7720634973
63.8277196239 70.7455399564
135.225023532 35.9481789746
144.965769075 147.283024693
230.774005559 139.561683833
192.436435159 95.9750851795
105.760988831 17.8659816177
35.7649290705 173.017850361
137.258891859 188.687505776
69.7200849135 87.4552651555
157.464298342 235.664929047
102.912012651 26.7996286204
188.318271523 104.854753789
188.691588039 186.148863068
60.3514857084 117.264044129
160.416801198 26.0455295921
101.59346119 232.551328972
226.553283404 151.679960233
108.363265928 129.517162845
98.8923425824 92.4817202451
131.38870948 146.406094709
218.241025487 180.650619299
54.7329577811 40.5294189874
137.291715438 101.708993806
75.1170359052 191.695897422
162.504378168 65.4748806685
74.9959674859 228.462428614
194.26540651 147.919562776
117.381581874 111.874515358
125.693021236 150.833327856
152.798327066 81.6305724808
57.1396691304 96.8094020892
77.3926594148 180.99742969
72.4057111791 191.25939915
127.431222788 121.606463088
218.726877105 132.960992963
120.181313408 243.120229293
176.949311029 54.5895180533
93.8279231397 105.005394418
122.350876707 146.082287448
95.8974129879 73.7811405624
84.6987075915 71.6718207309
84.8263388517 229.241036686
170.586883928 70.2464081845
189.070056256 105.361975756
28.3724246983 140.57356393
157.05192871 134.376948177
175.929733611 36.7349886639
184.047596153 192.15211265
119.964751084 21.0561705563
183.823463468 84.0781377475
81.9596336213 180.911730089
87.5729177603 177.810476258
126.767314903 240.857917936
79.7566144619 91.5699125842
91.1391518269 151.605684424
165.348579139 66.3501089127
147.971329137 83.5334133002
165.726382226 73.8797905327
84.8487644941 45.5071206621
177.124692163 182.406087138
144.793432496 203.701881037
159.112922996 129.420991596
156.724798037 236.565477334
178.803336055 123.94198055
200.58182261 186.680699195
94.2049066282 228.103601601
90.7368236722 146.328204419
87.6905838324 112.141337791
142.973257084 177.761433182
18.0529673162 160.542969679
120.166531776 229.746941899
150.063621221 136.679750226
192.263525123 207.884496925
123.054277536 123.484107337
233.416229018 104.615556959
105.248517872 56.7641696474
95.9341917812 219.839379966
50.0278753813 95.5287609785
234.998067169 173.223297285
133.883136359 75.7427028933
30.2486098868 102.330035872
88.2853206026 235.946312352
79.4253449953 28.1428987109
121.250604082 14.4540009928
91.453559764 82.9015953279
102.199394284 240.07398524
51.0712454213 125.68383707
88.8240457993 218.422965821
61.4419085807 185.2833377
83.0689984017 58.3157694125
80.7903942262 102.196153577
146.9323862 239.778465887
154.437628765 71.649169296
109.407311085 95.2842707412
74.9297139308 100.830521039
102.63572422 191.772022926
91.2332610553 178.073023936
164.517099522 68.173135093
80.5019692669 75.8909235604
126.282113754 53.7312702358
53.7337289824 69.0067571582
192.049098232 142.787891293
209.683225817 146.386647294
36.1609515432 55.8431314994
103.211402309 32.3996899958
64.3843014824 99.1858229959
83.093633865 220.708704028
178.379227677 49.2546567271
53.9181066403 41.2223196167
145.465695003 131.116913719
23.1927615754 133.423179486
69.8305716373 38.2090366171
155.726145077 23.1052575248
39.1193269602 191.34598894
46.0375547861 58.3419327323
142.082260811 149.650241351
114.838612714 42.7935373097
191.130226424 178.006660152
36.8179929728 58.1318239965
230.123314841 119.522662701
110.053078179 146.52030474
169.498842845 141.702916436
149.161824688 66.9505213759
197.49153974 173.80574066
61.8231222375 47.1090648461
120.35392106 141.569362286
142.067506342 224.08216156
97.2028051938 242.521800568
101.482118348 157.453078522
166.549289813 210.156371112
77.5401178303 228.983391602
107.502135259 97.0137950162
95.4452159004 237.830600169
244.375231136 145.75763442
32.3137482065 128.623242944
180.149050363 116.580037333
148.240669122 57.0383608296
195.595626002 217.217030306
31.4196509725 151.061438543
69.9809176738 105.557317273
122.025846504 242.957367493
159.611610584 185.011880858
131.767839732 159.973837146
137.734700968 217.892708408
151.051074534 239.803589231
77.7719412531 111.891988541
32.4556999398 99.673536019
162.4087448 186.041786681
93.9954947711 101.217184666
143.969954008 110.09151781
58.6021291239 119.726831015
109.080529545 174.563834297
57.4630580636 128.768309296
89.0640151657 136.38520856
96.8711534198 50.2663824844
199.512725083 208.529959582
61.5866662931 69.7006065474
161.639267529 191.68765702
30.3556262052 194.400385101
163.408266767 139.668393111
73.5633377947 224.723325854
35.6433121275 115.230284413
208.539543329 63.6770948573
124.711499983 12.0082408577
201.67360853 170.952768557
162.473635036 39.6126432547
58.8511316486 74.2952116618
150.991585903 90.1505314124
162.531030175 86.6198618478
59.722662473 46.5569768918
199.612926287 131.015650242
166.711018971 21.0626201788
202.741741775 37.30848589
81.4525697429 75.1317750644
147.936236411 105.389854866
162.825631054 170.992932102
166.071149059 193.550765692
130.05599401 81.3380461213
49.7487427853 161.272580778
81.9677827707 91.442096175
69.2066928335 139.289543222
127.850798337 204.337441348
85.3066482922 84.0356372733
13.9859679688 147.667066139
73.2706781487 36.7321890822
103.775819735 202.794709881
55.3042652427 90.9479308953
202.353419078 111.305347302
32.6245579554 165.887686742
227.126178149 191.22422359
156.498006484 55.6631712443
142.626024881 27.8046129347
36.7844357106 167.019038141
102.415069825 51.2161633928
184.810195967 222.948484024
54.6154611788 48.7585278648
141.646456491 120.899965745
213.993699322 106.151042335
45.5622653323 201.807960762
31.184430121 109.738313051
230.359376081 83.639144448
219.047106989 198.959203222
231.851441562 102.731617364
87.1275238481 97.8474347199
189.476584242 194.395870119
76.5563481457 204.971867373
169.791946294 122.810688994
191.494470588 179.931269822
127.758921655 24.5856560087
209.602001301 166.642667063
149.206248082 91.4873724874
53.6452739458 97.1876541507
62.0589475883 161.509829143
56.6386483367 161.298099195
98.4836368763 217.8606378
40.9215730334 97.6148402137
66.1375377168 55.8188218721
183.771158833 195.008050166
128.833989614 49.2056255852
133.174990421 67.4708181735
36.1318037974 89.4958295584
195.758044115 143.233906925
54.5447717477 219.746927266
85.6275186024 146.290113731
169.03829417 80.9335121455
223.523196699 106.816527323
198.373612054 127.385932264
161.291043891 217.705592457
121.068509853 83.261730564
140.783358632 60.4461420725
85.1334633135 177.072919344
236.763078609 154.005021069
204.284581974 110.28923286
205.866068953 205.873630345
67.6868879468 190.557935841
212.277487046 150.551873587
169.281973839 48.0484534123
163.622054711 239.685444033
12.6562333356 116.306556529
40.539864627 176.984723263
231.476867181 161.5581762
61.1885400293 43.086966945
142.030027927 51.3695890081
170.429047752 165.42692358
162.477220847 131.909395649
148.169800706 179.853105567
184.163504524 187.651224544
27.6513770495 77.3346871827
176.151723097 122.313122742
52.7015698128 96.5341191637
196.897423653 51.2211540884
184.974405335 91.7699987877
160.846332292 157.454340714
85.3195606104 117.808686098
197.325905533 184.55538754
117.823593762 79.2629027078
120.334192376 85.2104348789
112.586452103 138.42510268
151.405005748 155.084602941
177.80431394 88.926190815
169.002181622 221.884745917
82.7643792518 154.825498292
159.825926498 219.663255593
133.65845912 141.171842535
168.538696158 171.893997806
97.4062218181 136.077627393
149.024236588 49.1944901632
172.248862567 195.622058993
33.4155008491 90.6514368213
96.3148664757 67.3271440339
123.360544875 62.6430756065
114.685705664 146.205534415
228.77405194 90.6364215065
154.941448548 118.04412917
150.82371326 202.594612158
116.537052246 34.3370625901
190.740794636 97.2094687151
230.369625722 181.237206487
23.0704593628 143.201909155
92.7800051169 221.549036756
161.40962963 32.6157947835
40.074659134 151.770618177
83.7840454776 180.229820457
12.3465290976 111.636886802
36.1565060395 194.091467649
114.034285755 50.9891487041
103.817675145 69.8677085842
87.4388512339 69.7092345039
135.757171923 55.4940955912
198.461335689 130.455486085
155.078403298 216.186540921
121.049243432 153.158415218
238.005760182 170.245826744
94.5821007502 197.674737651
237.953479571 109.609912024
127.062422138 79.7793868958
39.9928858874 156.320248783
56.9030400047 220.951589248
161.02383305 55.5077660188
89.6529992854 119.528548927
159.763625541 159.213197441
71.3754680677 170.595447528
87.4538507635 156.757204552
144.310517564 93.7357905847
202.338742828 118.528735095
167.680912278 138.620009136
209.078246697 168.182651772
131.718255922 245.023177668
60.1824529343 82.8120850917
233.494680611 79.2257416827
98.7149878308 63.3517824059
138.611490124 13.127837362
141.501244558 15.3051094578
180.569415238 23.2080354494
28.3500891277 108.125169504
207.149692505 136.752819419
135.264546386 144.972072498
166.76521503 139.61718942
107.78205656 30.7313074183
58.2901676089 196.565617118
18.5956674938 159.689246176
76.5756647033 227.726213277
44.6241470783 146.997829094
216.38116149 49.6736439479
187.502161194 152.765058256
52.6626687607 192.73455146
198.708468107 57.5155987126
142.725298413 32.8728881232
94.9744543912 234.208882647
48.988374098 67.622918147
83.6610813345 104.212615041
222.253690169 96.8652815694
229.765530971 125.327390452
161.819935725 66.3783355691
182.28070329 118.740195317
157.65140656 231.591599539
47.936338551 163.754746944
90.4788371143 95.8313970529
66.723547421 94.3999093762
207.535765798 45.7315840761
109.73431406 99.8806648963
122.011688917 168.05312087
176.084808697 192.140065129
73.26471755 43.0519391414
107.019194069 31.0650991083
99.2844964747 146.679488939
84.9123557892 60.4376430378
106.482162525 77.8774355007
156.57772619 164.406249003
228.175508394 84.9801555561
199.15922205 92.9396491892
159.745037408 160.53593479
25.7217981831 76.3695758992
118.580249394 18.3486280207
100.021344064 48.6263148857
56.7585394413 220.636415957
134.958652353 100.470239351
110.657164359 36.9858903988
90.2214213399 189.678658443
128.89050001 169.094838301
116.003764975 212.989173508
191.831850434 157.358735758
118.855179975 170.902758746
147.031889134 72.631713639
132.096082997 193.127671519
214.235079359 108.968340602
73.2354151011 130.756420038
179.840435602 156.943641781
138.082162358 170.527308813
141.941984682 103.63966861
228.016979299 119.496345443
233.684108235 161.225580963
216.839881694 53.6841126855
114.213932589 214.728841266
43.8779515034 195.368391735
65.2895856892 166.232809926
68.4316385617 122.346394358
78.4712593524 202.619117692
85.2407991847 203.460342747
158.579339265 27.9043512378
205.008134661 117.956273962
99.2186278831 183.809825141
148.737352397 101.653482114
226.780600092 94.2832635082
82.1140160503 202.317202444
215.846803571 98.9212243071
52.2587511238 74.9449895956
108.627927033 205.753643141
196.635718991 178.215107614
94.5778271168 139.357115043
224.959167088 168.027364865
210.35305556 65.1928886801
200.094965009 160.754987009
32.4215786426 155.114750724
167.793350762 25.7667085714
173.414707793 211.70724482
45.6853827418 100.966789542
190.959645832 63.7265814479
201.252707811 137.657184231
94.0469486973 204.86371864
94.0481498818 206.298284189
120.131374598 210.125383348
78.9160293304 138.241826944
141.540600817 97.9939508874
58.3294454916 54.4927542115
68.2039361267 34.0545483228
123.683053822 186.420510594
88.2560956165 221.698556384
117.693631229 215.369503877
46.3399066612 141.353442568
85.7047645553 92.0149037163
139.965390192 111.273238249
99.8391925975 128.510506178
120.095566124 204.775014636
89.9305147515 46.8058648925
122.239117124 85.4226352013
196.866683698 59.5650252836
201.120635184 126.502722471
27.6751054707 113.988491453
178.73785327 211.131193561
92.1647222827 218.57262032
159.520897171 123.574588247
107.034620637 121.321957296
121.517394839 108.929308053
155.865188988 173.706512885
148.204098899 134.010918062
108.287872318 195.152804189
199.339702684 88.5392100049
243.679822529 153.20650024
179.553509237 61.4417314051
156.317556519 97.4819774445
214.698073306 60.5007536595
31.9774748428 125.411903648
73.075497122 167.848109605
189.712565911 198.262509658
122.995315013 152.261683312
119.166902497 107.630489663
108.791754525 230.935866447
63.0923895148 110.123932632
143.503804558 148.581954325
67.1317904057 91.049170865
202.470020307 115.344750924
208.388883353 177.824209059
19.7414793473 135.447340662
214.109837951 48.9433187133
238.097276233 140.694193299
217.824928791 176.53633254
109.659259541 16.939067202
200.127992068 135.767040233
152.73454001 185.578585633
70.5995279629 65.3990257536
45.1104190891 91.1051006955
206.817641758 200.271228495
52.9098342912 42.7863668664
53.248192944 102.129359847
144.216159864 63.9515603076
148.286621007 25.066107837
200.784282301 73.9947383497
39.9610238844 100.128290548
225.764978681 92.5760100082
143.988506336 70.3161201504
25.1761969204 133.965414972
43.9312217345 203.706489685
64.893472301 216.605197701
99.7358525218 208.55054049
131.74189531 130.356464006
222.299523095 192.009931195
138.317089953 94.0921951738
55.439216817 49.0230544931
104.360411754 183.41963856
66.9121869076 41.2179385824
102.551030481 43.2826098457
81.0377309264 30.7951539751
118.902601507 64.301260846
238.940924127 121.547543664
110.823807826 90.7378480981
173.322934908 112.835187089
76.4132603999 186.172520417
27.7663997934 107.519908237
44.397022518 134.396172526
102.51900979 119.041885204
243.183165995 155.704378673
155.188555487 153.510390745
47.4328524948 193.137770382
166.13615745 100.760133853
134.933043708 136.337470503
156.100202524 94.2366377354
216.766781251 78.6155286752
33.9843891241 145.96466022
25.4755819018 102.581813552
66.4914034102 203.243021846
76.8804524854 172.178401209
77.505365347 108.930836578
213.117908134 77.1309813736
100.531180184 40.4659704075
13.183138513 118.982006257
192.521519577 87.9525663747
241.262902825 122.83775035
43.1458124243 199.159439579
130.456189151 213.88542563
92.2198873654 187.874227038
50.5228954079 114.74517901
124.841121776 10.4007732325
221.929093201 192.208309593
12.2732852928 126.269334048
135.649617207 85.7615767522
58.4383959821 198.802057037
127.82703374 186.32789154
121.064621345 225.85997885
55.9200229275 78.1059966261
80.1965713551 223.997195794
212.973802674 170.968209578
226.170071587 76.9714232713
75.7720024365 124.404055233
171.552957519 20.2677103776
178.000420752 180.197680355
146.439201686 91.2959717748
68.2809544138 93.9566327286
141.935499988 122.837540859
54.4506076175 139.695447697
161.93727491 87.5557662522
180.305492109 46.1688024527
114.995764255 173.340479879
174.7520758 37.6359340228
107.164179952 54.7051051024
80.8603110164 81.8063751358
187.618375441 155.031999776
202.1077773 76.3286180738
117.001836257 112.748406188
80.3565881876 91.6735171123
187.943726738 102.702953527
103.846045616 209.633857868
105.331168224 127.713962252
117.673527137 244.057099819
162.051194911 234.349908974
128.106798386 151.609759465
29.8178484376 184.931810131
196.58929357 38.8114755265
62.5616983276 152.99654758
84.742897882 151.78583276
178.829933709 221.494507834
48.9850103764 78.1550707282
112.271549236 82.0953253999
50.4791253144 79.5858420698
93.6039640003 117.58672629
151.377715197 133.284514221
62.6362438419 34.7008524818
90.5524505218 24.8132589859
144.834468125 131.034308175
195.584143036 142.152076385
152.297645429 35.0689701321
75.4580663315 152.491557786
146.445499286 223.133874941
177.981729684 195.566160935
118.276496874 220.662834537
110.203445892 79.1159218211
46.6442521345 148.680087572
222.880595817 85.1595081188
71.7822563011 135.864767038
159.035536788 196.309086903
64.0349187184 90.3569853499
128.554927292 44.4808257106
80.1547237846 214.334529822
55.4245943932 55.9328820044
197.857052322 174.345582347
159.231165524 32.6772864712
184.044901591 217.401996023
129.755122832 21.4593237939
125.756981148 176.670277843
166.45052071 218.163389913
23.9475579793 180.282684801
143.274888506 200.889321787
133.338915311 146.068420367
200.273778261 186.830621211
155.240844119 238.229433545
179.349171466 190.318471167
173.37343765 219.693380764
221.977662307 180.868593635
102.417946145 191.893285572
128.192836413 223.839644508
66.8889898971 217.32392767
127.593708721 39.2416170562
234.269276446 153.761114444
60.0338790476 117.15629445
51.9310874099 106.551907965
136.693123575 147.407893104
40.3823700446 205.903976908
26.3179243848 95.6793348292
35.464780422 154.949458407
134.730810268 98.8744148468
140.919704664 16.2869678882
110.38981275 85.6050184987
27.8097343448 155.568387302
35.4614990367 55.5878366817
142.419841376 123.216117058
137.446435276 114.161219126
41.085939091 103.383727979
134.735157243 206.239118456
85.5499567974 159.436235349
168.876341913 70.6903184144
136.93559611 42.1891317467
75.027216133 228.661757587
101.701670622 110.607856499
110.302726385 18.3023114304
62.4405076878 159.349758138
78.2105420234 131.878658751
200.200624069 207.116799757
104.129275663 15.123507727
102.38317282 166.393602485
234.767552021 76.8334765263
125.854283939 65.2986097905
65.2794250016 167.451141355
196.284653556 125.975268648
209.62435007 112.608388942
109.258707661 22.3043095144
146.733012544 144.471967784
69.0826988751 120.459189512
75.5321281504 190.221889996
15.0474795221 150.951870321
180.131648832 197.335758313
111.698920194 208.905382637
126.289824108 20.3548467824
79.3314985339 46.9159571617
131.785332155 158.554694876
142.123330372 70.573007681
113.58414316 159.600433451
243.497577155 128.807082871
58.5136687168 82.6659942679
143.690472116 20.2831794274
174.30537394 143.085670904
148.624292209 18.7051093676
123.184175523 74.9580429621
98.2152412506 90.6868616142
157.212184775 215.822937082
214.371644736 129.688011015
186.515504893 192.436633396
241.318071309 124.832665984
236.277994564 122.586878567
123.40814659 31.8038770074
217.242981552 56.0559960357
65.6033265626 48.7039064006
27.5055292558 182.00971266
238.576068127 89.0974897209
213.179918969 203.736166784
56.6080951989 50.9039627965
89.201588665 37.9291546615
123.483090076 105.00661796
202.464597231 92.3991768468
118.494917656 161.668293966
112.169029552 220.99522838
184.363864671 29.2034925749
53.9564674703 79.33915377
57.0308473332 122.964826529
61.4490404975 142.168965218
214.208701125 195.083259638
174.01502641 58.2072869034
213.961510158 55.7710663722
32.8702806281 170.729268206
120.920534368 171.514219966
223.18183326 181.461455346
103.936464727 35.7553638151
62.8247259581 135.399533377
47.2614679358 52.5097538211
219.855533392 157.550418738
81.0939065222 98.8302226059
213.557497773 192.811030336
238.07573756 100.573516725
117.862281673 164.952419402
208.534565965 56.0879209042
178.50205084 44.279415309
57.6211860963 162.854408434
22.290223192 89.7131160439
155.104873411 170.917915773
169.824496229 146.308902966
147.096096229 106.986382041
241.150459198 99.7942777159
177.870797771 53.107730663
135.927068588 142.501174888
161.110891415 99.1099757834
37.3882235587 60.0247099317
151.867382003 169.591614271
25.3233705045 151.775201847
94.9374279261 140.803985307
196.110060968 101.746107093
187.102838675 32.8013026891
73.3683687053 155.003840656
223.903823115 77.4156578144
163.186106814 127.29087085
213.419864892 163.705665883
58.8203873878 208.75800341
68.2124537332 106.691904858
138.50145765 11.7737771123
62.4480523702 110.266502143
47.5424424775 59.9303822737
235.440411685 154.17020557
108.772189319 112.513527697
183.353085742 96.9262070807
106.981696951 112.081018032
171.802422295 168.965764578
108.660762894 105.303260289
228.176683214 186.090698279
212.939913149 202.002636589
15.6258137542 160.135150463
72.235995898 123.305430535
159.544725017 42.8156388036
216.973131595 125.04473485
147.374522388 148.353854716
57.6685996133 118.878280995
154.977068767 232.292735719
138.87819514 141.983318859
208.154553343 156.664423305
234.976131566 121.653253342
88.7857199341 180.68994607
16.7174977871 91.0865546981
68.3817233233 83.4672789978
116.309574124 149.454506952
74.3462674478 56.0688225379
225.672931755 183.15862264
121.99043943 179.455651615
174.043425456 69.8280807346
79.8756922176 126.771552916
66.753547874 152.706966332
19.4815763194 119.819804851
194.2735098 92.4807645749
162.43495618 81.9474203252
38.4415601599 92.8707729395
94.1066863687 231.868883133
52.0524309493 147.310025826
164.80275749 172.914550227
239.121893353 157.539565645
32.4746287043 90.7377116659
52.2866480349 118.875294177
130.894450336 130.018690966
196.385605761 199.931463769
207.504135668 42.3561192222
209.794852732 59.040084602
160.425090863 183.618601858
128.465525186 84.0272421754
56.6303093318 131.109341649
36.7481342155 103.235138308
219.850491847 107.44221441
134.040644746 113.249424095
201.300872008 137.521013077
203.26236654 217.439006093
128.140871635 220.275639448
85.2289821858 46.1011286785
75.7612627079 37.4516806039
214.043542256 196.607008865
61.554459393 111.876648918
21.5731620573 92.5192833931
97.0020578592 84.5570293263
194.472120204 138.006606141
11.3293892935 113.743310648
95.5144328787 95.3963125495
59.9213807249 174.454552597
76.8925646157 218.820150988
215.427309659 145.162877361
63.127138823 111.043744012
132.468352242 57.0241387399
234.810139959 83.5797728613
136.081885904 110.219918144
188.110111971 164.965545601
171.98372051 72.0456839007
176.588980778 85.3460760533
209.05571714 179.021639748
166.694781538 58.1126624753
121.253388303 176.44996487
76.4268828181 208.922207863
137.17805679 171.091683368
94.9416582017 105.782972354
132.863597043 109.912044118
39.1820159171 91.8268790404
137.367337834 194.323772018
167.489808881 238.46214579
147.756037714 107.365427848
149.851794793 38.7763344204
82.3509764455 29.9235270297
191.218569398 137.598545873
138.636841326 74.2165197127
160.495728644 144.915771679
128.286888909 37.6907867467
78.7368588574 55.112094102
61.7628361585 116.26255717
54.0592140392 148.819513333
226.66982288 169.375757892
49.0255820977 99.1393785831
186.246123701 209.971759145
199.578924766 183.694724911
165.818097103 197.570998756
157.764751047 212.367601668
219.283540012 142.955627295
37.2431340301 178.921472306
97.5351334304 107.204140425
117.47156638 183.444245155
46.892058975 51.8336788629
211.039723958 90.7297911785
183.24399816 106.826743253
73.2415207733 119.465479316
148.701125295 179.367407747
49.5720432884 70.5182365843
238.109746005 132.151762236
53.6777420816 146.006122359
29.7592974106 188.088872103
32.4812451978 139.98457367
108.084734499 65.5027943434
123.964373365 197.57796256
71.8387802453 97.5060921459
47.1609280777 175.249963039
215.605168626 86.7778078762
49.7935656039 198.975444558
134.106448396 48.0422378665
131.319787326 188.138814942
203.063929575 69.440781116
38.6811838779 140.531763508
128.841760026 32.1910601167
53.6294548595 94.8657287779
165.117987796 52.1083670872
58.1861695687 174.976583314
103.66200326 115.967492773
86.0792590871 193.505007296
224.195778417 132.529736452
73.3712345239 34.3139310335
86.8235848158 109.640903935
132.092074589 243.945046266
149.9800777 158.666395418
136.472421146 22.1388156089
176.506791883 217.811097364
54.1866098884 40.5998183071
21.1169279776 129.396427509
151.156281877 35.663622939
73.0902557284 51.9218023181
66.3589110631 169.638618107
127.225751863 168.392190575
70.0761444409 139.585046368
73.9156648195 119.273148593
140.392939917 74.1735282517
157.408176223 32.9732358204
120.583929 65.4751311883
99.0024449286 229.324325744
143.103138672 98.7172628551
103.932662309 168.830013606
68.6571673318 33.8154051705
169.476836187 171.977991654
129.956039887 136.216023396
218.45388947 109.76617129
147.939730666 152.358053579
100.247452967 142.793660478
191.46833542 57.9645409471
120.745533847 44.3773748291
129.389691697 229.678888868
39.6372986788 163.663536969
57.4760601899 118.386130812
213.651197544 143.339888038
197.39033021 52.7702293245
115.788379802 225.121003058
39.2227632298 103.642974494
17.0082553233 122.940728425
195.357858853 41.3426551336
108.49591535 150.460383555
175.473758296 227.429962868
74.2207726655 185.432257281
160.679431681 67.2613731644
49.0724246177 168.182337836
103.715808877 70.8170162846
180.261299805 49.5286861739
124.513346847 57.0405419302
196.323604356 166.623217199
152.21805783 145.750499515
163.887332094 154.646121486
195.471424714 73.9169924709
175.275068006 60.2986180098
86.490927555 149.215314215
43.8755692416 197.917322859
114.487117303 164.955230234
164.616408929 39.4137762621
44.871473893 163.627080206
129.831979739 133.991551489
125.613070089 156.377786849
27.2989282391 133.934271137
246.663865041 136.71211891
71.9094840808 97.3817412421
202.64071173 49.4566212997
49.0751632864 156.373953217
56.735435278 151.752103331
96.3492549774 151.954467602
106.647488111 49.9226558933
19.2738918979 132.459683644
205.0313325 208.097074448
150.360085413 35.334802769
63.0931218284 155.901572205
129.764984061 116.612037437
225.896549353 69.8326775217
149.706150263 115.770301823
165.316357527 45.7458435029
106.260228821 108.627655698
36.0344978087 87.0258626728
38.0456701786 120.696299202
77.8145956918 135.381780255
32.7652166765 127.868974494
121.956532167 137.231276225
106.876731261 149.370148465
139.539428041 39.3091667447
139.063946807 195.196425868
173.054549585 238.227673675
151.797917724 205.711266419
167.568023561 101.144959626
139.599314705 147.544403272
45.5299855494 142.639908332
76.1128555964 229.440547396
130.285970036 229.474487023
123.838964326 204.310873395
67.0040528021 155.296679387
68.2217619684 155.164862547
95.0179812435 85.9782739869
201.420312026 142.530858788
170.999952917 100.564016051
140.770212084 129.282853676
224.066345914 167.724696523
202.022884558 142.246193196
16.1535073684 147.172999545
135.78382835 170.799351401
225.605490172 187.079618159
145.93454057 113.392744161
198.90706886 178.358450155
216.338894767 128.427010472
167.568087675 195.00189017
113.988903549 85.3079377169
73.1335978395 60.3931374637
