196.545475313 94.1363151218
149.009312073 83.2771398439
205.172381781 122.295309579
25.7988129816 58.7672203491
72.3449134111 201.039624634
84.1135148048 168.682620589
0.00550037814173 17.7709628941
148.940663881 2.71551048079
15.0165315961 17.6511429365
70.6755214332 195.007152491
197.403110251 7.68607501532
10.8218382661 194.268683465
166.854158878 92.4513914336
191.20035336 37.5605678412
1.86584528287 150.655717682
148.886188058 183.462729126
83.7173746508 188.538812372
199.484591799 190.950233427
2.44466061765 146.234056091
172.299060102 155.646564215
114.65323053 9.35495838611
23.6795403695 158.944048974
24.1689729723 145.145030206
2.35666490145 17.9983715756
40.1472865268 164.128242189
67.8685420419 188.679978821
203.726793011 80.6848408207
64.3357739346 74.7703119162
27.2006059792 175.667105802
198.252187875 26.118690445
38.2067760855 13.1610918951
204.529463708 43.6098916755
201.120358016 142.416125872
139.540882468 0.987196708634
183.637875384 93.292518242
52.7205212213 199.24153414
76.6801630939 131.977793601
2.41376950949 189.397866218
97.0413022103 177.29022787
47.0649394899 131.132758533
87.6304585604 117.728954178
147.592247343 15.4968878195
97.6862138391 14.3207371292
60.1072115884 92.0010999199
4.98500237764 198.184176569
110.956234795 202.844516304
151.279656789 205.172810584
180.712155651 24.481302803
6.34817688078 99.8035640118
173.272939164 199.590467397
8.71108546069 20.6956614107
144.01651857 47.8357661307
177.807001361 167.117758886
36.8368222532 0.373409351911
125.155700481 25.9898722115
161.382013002 0.998579020109
106.853028343 170.292998647
16.429607914 166.931618309
3.05074349031 0.199005952922
163.397880962 186.67130921
181.013898776 204.886829891
42.435554197 82.4717414639
6.59539975409 50.9934150105
14.7269998327 167.489493744
205.12784755 3.57321287146
48.7030199487 73.6636494389
9.52677158296 182.551091001
190.393826171 9.97897681829
35.0150289478 164.146084214
16.7464838515 100.560085784
124.985192928 190.105076671
3.49475289174 99.8217898304
204.905234704 0.349781032704
154.561965885 11.5320210838
30.6747629431 205.155111878
118.77093138 5.69980399451
1.45413391405 174.579968268
101.196432057 78.3979512602
23.4925138414 205.171299212
203.565273798 205.01877769
1.52295228057 122.363362594
125.914632182 28.8432581029
191.893501519 4.36994611255
201.667000458 13.7716304992
3.71075054271 205.150108519
0.0920018992445 76.9514304252
186.023200797 80.0252859013
200.423448618 41.2376447969
3.96054027234 0.134836315884
2.52388330728 14.7463451168
35.3501124563 32.8436411348
46.697575612 85.7204621816
34.6986782848 84.0732200331
174.482623679 57.1906114906
2.36365678283 13.3281495626
0.157432640193 114.501890302
55.4784028945 2.67287709311
76.912799042 137.462514667
184.630921302 194.779122606
192.327567541 167.26317748
70.8719977838 96.0096909436
203.644847145 112.41676758
199.519159719 161.457310896
53.6340261764 126.010686718
192.356190734 0.0238158463135
201.404614984 203.35810759
192.255324191 203.275559133
188.202162683 202.648764545
199.95626957 58.8309969486
2.29562776549 43.8657057811
97.035862992 151.336701669
42.7275915844 145.715553227
205.156275397 20.5096055775
183.652332846 157.35183734
162.532763588 86.1726913987
124.616419336 9.471908186
4.27485580119 77.5658206552
187.633693929 57.4173054533
190.650448685 77.6494487055
5.57245369726 60.3251220374
128.97386558 183.688074083
26.7695115964 198.164230156
91.3976952136 145.90686956
195.923319413 143.702004692
174.124460626 204.07349948
109.37905817 152.045638591
174.807648611 61.8002065798
19.2989868698 26.5615509993
150.762013846 102.982890462
83.1492558432 192.175475256
11.6260203854 70.0719009931
165.18945422 78.4355109597
77.231675613 155.330911425
170.625177293 16.1963655331
148.667826853 82.5096472007
100.58985895 93.6915743527
168.969239814 200.096655235
204.883846741 191.805346394
147.327702282 63.3573758399
152.52356789 0.460906376352
49.2069175424 143.973634007
12.2399937449 202.492549391
191.983310668 0.558729172218
41.123756337 124.015612242
121.910257837 108.529139489
18.4294365279 205.166469897
0.247185238119 147.783958256
172.083700012 204.866196862
201.484105666 205.046219979
152.564068401 4.37040533432
54.4777529031 36.4352211562
204.26824295 58.9996718941
129.397056188 199.347509132
149.557912617 39.8278712119
184.809688055 105.893382293
64.7143621417 155.281421774
18.9492277274 191.300674668
175.302026505 205.101470697
1.53686886468 200.403217755
74.7669934178 81.4277386885
185.363117507 97.6199024297
190.818679142 4.08852312305
152.876323029 171.758284862
143.654082357 190.255147621
194.712190592 181.172062094
54.385407974 5.08009284482
60.8638661246 205.114846025
80.1745633696 18.4635649071
116.314801119 92.5735060121
204.493771693 25.3603207649
186.585587422 205.094081879
169.63781248 204.473194318
185.885612658 22.7512408066
204.787047952 10.6092733045
24.8752394023 200.422008022
86.4749696775 66.9268546533
93.3310919712 144.042148376
1.54465214984 201.88431525
30.4299781637 166.058027993
144.187448855 205.146699333
169.48204038 22.3925117972
174.036746663 15.2642455087
22.8748146612 37.6887046043
136.332686621 103.166664904
103.551223734 162.857509848
153.439599713 34.3939429426
187.231938359 181.448487221
183.107874725 5.3250601032
204.559149554 1.87665585707
109.71206695 3.81102845422
64.7781058291 179.267909278
122.335950842 66.6418616828
102.924634816 142.265374683
14.5291342502 77.5981582811
197.409067765 79.0699606845
197.045540076 104.299082324
9.97153246551 180.170577098
176.894436087 186.318974003
116.782831088 136.216556661
18.4060026698 204.270502022
86.7897301062 51.8846089311
40.8273650362 194.468797309
28.7089227029 135.905795731
121.582502603 141.767814593
205.168917144 61.1547217376
118.407340401 148.684837852
6.61482424691 13.5940844015
20.1411955592 124.954954818
131.910244367 203.123760178
42.2184766651 112.568244865
105.59806636 72.6197310903
88.5175343839 19.7848786566
0.110974912437 7.26370513253
184.189264085 167.550794616
35.6031332373 81.9039453057
113.580606305 171.342069052
125.73668861 93.6858815476
198.611302003 204.904335422
192.209644387 0.693829843812
201.495624727 0.0494100608684
151.275144854 67.1518917395
178.95526745 189.2995139
204.911217595 201.587786662
66.2751909191 155.812549928
31.5127718027 43.4145011956
0.0513495501188 178.674078411
26.1843859429 172.110295314
7.17129153782 102.264474555
111.692371364 184.060373374
121.273103479 193.65436271
54.886260867 0.34377254567
180.435013802 81.0921891401
32.8525495294 4.46814270508
73.6194500205 30.6140320514
201.164005862 72.1221599222
2.5920321274 205.152151934
1.28782916928 204.308345839
175.351449197 0.00184470236202
1.53334342372 196.326849992
162.548267348 1.77525206863
205.134146495 205.099930637
204.470173621 9.41198985961
204.19374133 39.2899416659
204.977696778 22.4634006985
87.6646377088 0.00982447465167
170.560470605 8.03846458929
9.80658218706 33.9513725995
132.412129695 0.104309024535
8.02296536298 68.711462147
82.037021233 205.068877725
202.625611378 149.541271681
92.1906534744 94.1880252943
181.512145796 190.780721949
21.8293681866 197.866474622
86.547395054 68.0039394773
96.7457248165 58.0301971026
199.896178506 203.593935272
76.4727314722 105.788665276
149.216616571 0.283699470873
188.423659072 192.943755779
1.26275286074 6.32735747777
203.033458098 13.683490967
180.48163945 16.7182220659
199.831660694 0.0937004493579
201.706621598 171.776621861
166.168729723 189.957654622
167.371979506 51.0799336441
184.313492682 188.574587303
58.9955586688 124.338087048
202.830100395 200.33746058
202.466406385 6.54795508571
101.740617764 189.907640238
197.541325376 142.66368517
38.7885869085 40.2455899254
157.22289941 205.157135712
120.362894517 136.818740579
70.1784061208 0.0768796267883
198.381837736 135.464975958
36.0626755684 135.795442899
55.4717620306 204.947460902
67.9203715337 199.091961029
2.08687536713 8.22553756254
204.225150373 39.6232190068
85.5433793713 18.7542793561
71.8288010304 119.131427113
193.037700836 157.262732312
202.182802853 168.075988336
53.7769168256 99.3271480044
27.0892380592 0.0745898984993
49.2065883493 140.523885669
53.1089816374 98.8856755501
27.7671403485 158.763708713
111.739759223 5.69224543248
97.5865133243 196.863566878
87.4179513377 14.5226166879
8.83831506264 92.011067174
169.207112026 41.227098515
172.447670968 45.8389268606
0.00291368367719 197.323026763
28.3052264293 63.4697403534
199.295595862 161.488466536
53.4202526299 194.345627863
45.4557549899 4.79927000309
152.397334221 48.0994520562
197.419740649 80.3775763239
172.164982421 204.333519588
147.235665259 159.38047553
120.128089733 142.110117388
110.904873305 6.28236184365
3.12197207636 85.9903380006
83.1206940216 136.573480947
201.668397053 144.090770145
37.2741994791 178.810070587
46.5750700108 162.972955685
10.8125676157 180.082659129
0.535495636088 6.60176930741
192.694072697 0.144843163032
182.852871199 154.558620525
8.78578180675 113.315485798
134.313136287 124.514587443
201.881838254 4.54483491457
108.907574453 187.677538374
100.382050655 20.6863130777
46.3531376879 199.603971083
35.4428075173 108.25960513
65.4105683152 79.0331087575
125.588981139 99.5271124712
204.405848255 117.388218337
94.4304510259 33.870918213
1.32017377996 173.869137542
118.190329923 43.4253487188
196.125488594 202.75280261
29.7574352144 205.149167716
106.935992816 185.601782433
201.98327209 106.57797255
199.460186212 182.195578236
156.822369548 199.691710726
7.46126250182 60.8975029808
48.0424889427 132.83666142
57.9862730435 3.84594723261
5.42934821238 104.656177735
65.4150616816 75.2915884383
184.241924525 6.22161360863
139.337711846 114.311947553
195.849633758 205.088087733
111.328291115 40.2573469035
71.6718677829 87.5037211878
23.1992076837 203.629392609
60.7648730281 127.449078906
153.557836739 173.568864254
155.807051101 5.29236531341
150.688567219 45.1616832742
193.140464644 198.859700535
204.447301025 168.322903625
2.37969988275 190.407347458
26.9540745648 200.896464309
59.82522618 0.0593867882032
89.5917043081 184.794216064
138.183302776 5.24389197322
21.5409632176 63.6001925455
1.59258959927 39.7492363129
177.87455724 107.067735561
17.3491832954 195.428387056
191.643535078 146.901343053
14.8979101077 131.956026891
11.4797130501 92.2020812061
190.3691828 178.594151639
71.7167914957 103.559766462
140.754280169 61.1792797329
1.38582957445 205.172727785
141.976347746 184.519249291
104.858874417 128.74893171
29.3493108921 181.872606287
180.618358105 6.44726298583
77.8733139716 113.640391616
137.372803124 170.509776356
71.5135037494 9.01411611712
17.8155082891 7.21781319458
178.531489533 153.655396139
1.45619216596e-06 19.439307732
105.540395938 199.941927502
7.90662231461 205.169815606
202.115594899 49.7225222471
29.214099209 120.737931889
189.527369295 7.48693715261
191.857712285 24.8130923809
205.000876667 44.3274997802
167.100048422 6.09500312875
181.078534636 87.7424979918
70.2008889615 91.5240150997
133.332359125 122.060386439
176.351368977 55.4118043026
166.476762309 96.3477491049
187.077073988 16.3928817929
36.7137044435 79.8847170784
124.509961774 145.937549765
17.8541263126 103.331434457
184.236460707 20.7467322744
0.505482551113 183.672254549
82.9706147269 125.939260166
26.3384105193 32.9458448087
24.0909122067 187.472753592
10.5025844376 36.5308448664
57.5941523786 107.545214667
197.128194262 123.569554315
0.0197793179369 201.734907972
197.960586941 183.437640993
14.5874403407 0.152160408203
185.010166777 101.433118188
102.820579566 24.3033902169
191.508600768 158.897632663
184.88834778 164.806634727
3.31953490899 192.296110333
193.421835743 136.950678938
203.147208124 87.1298365517
90.2272622867 189.983486615
186.779203224 40.2650532435
31.9627766648 155.416908259
50.5633303214 38.7166150025
193.188940009 122.230051683
20.1474336483 168.437508945
19.2601327973 166.276378329
2.93343488024 63.0664454593
40.9620427644 35.3174072627
146.692259457 0.0456207598238
61.9721661619 205.163328223
97.1689962827 16.3888397072
204.178460912 34.4897295021
39.4184439242 145.152977459
96.6210192438 111.682011743
92.5068685107 143.542671988
111.60553465 127.58448989
184.056136838 165.915551099
159.20953668 119.547064887
155.606645155 41.9466754714
45.9872883018 146.332279151
1.86527707454 195.636641524
201.185485513 152.273018196
2.17686967601 176.581256546
169.895762311 1.67397264855
103.146547835 140.09385075
178.60640518 2.10820360755
94.7570924659 140.430253023
187.804425291 0.898390049321
148.281411549 194.923663942
193.065179723 62.0779037474
191.605889734 1.70721271361
32.0297461797 132.34166677
28.8249650583 156.596840688
170.344783252 193.883065948
1.93578691103 25.1887884382
9.77398636683 200.721133777
47.8987505616 76.9587333553
0.0264225570499 70.6850955096
59.2482891289 204.225212212
65.8190695005 194.894987403
4.05498133108 55.4197880516
91.4050153999 49.5070540699
202.104415037 128.727543431
203.401169536 55.0040718071
0.546031531147 179.661703017
121.73951818 176.400009578
10.7732963797 166.679227079
156.815422518 140.84315175
88.9342796123 44.7303401619
199.173300286 82.1883877711
12.9073896552 22.5968474228
25.5391910575 142.031716077
12.5919394615 40.0184092364
184.930732627 203.979224765
6.32780251553 186.748937427
4.95662351062 89.6592163155
196.430083214 2.11725578821
199.368005318 204.99737076
1.94460837935 94.5995364962
4.18426514213 81.3819958585
0.0199309330826 162.058553635
3.7512453785 58.8162638715
43.7853816237 52.0594420126
92.7776386307 0.080393621186
186.239748551 121.700292415
190.222802728 117.47946463
116.41580645 204.520882325
156.948112737 13.454681005
59.4879530659 184.793487828
179.395247151 202.43088384
205.117953986 97.272623906
63.6603243896 48.5058553525
1.34916351371 84.4178445376
12.3802750472 203.028896779
86.1909540053 177.7070562
194.723177443 138.953027648
125.074333865 89.8559752622
203.517338722 2.78393723363
153.198681832 162.800182589
191.902879373 55.4649564005
149.359937656 104.031932661
144.897168369 47.9732683061
166.060184661 2.38798621472
2.01037953844 13.2764677122
183.006987717 10.539540613
50.0297387763 57.0116177206
78.2215169587 98.7887786723
140.6187609 124.19010148
196.97213017 205.101739253
27.1201895944 22.6226711517
187.575046187 161.713212145
200.267107611 4.4350770574
185.479284505 189.737972827
140.571394707 1.18876441615
75.1708509936 189.562885345
0.737614889574 205.085417615
74.8222453086 205.161880122
25.0063851336 11.9996568164
204.779558927 202.932603938
111.455545013 161.476681208
7.66174371087 92.9195933943
62.8570636785 162.30605074
164.335864208 29.3769044441
193.698354842 52.0282863928
192.338723218 111.11443745
45.3244771669 0.171639422314
5.24082002759 42.4315966476
51.4330300658 84.9105600436
114.04061329 87.801356527
34.6479159668 205.054232576
144.504291711 87.0112444221
1.21587879913 0.0746744196161
48.1309222108 150.106693444
111.712895239 203.377794778
63.8894381161 174.886874456
204.426983465 143.07574751
92.2052129033 202.191166822
192.642630169 183.573318324
7.98331115012 73.3645567431
201.960167576 181.032032648
192.824773576 125.449438376
54.9495279354 112.67359948
28.5720390399 71.8967134937
15.6876391214 3.9830586847
5.90687831282 114.449703428
160.724742072 127.163874685
201.83811912 5.82155414148
42.531000402 10.8386665037
140.219293673 172.844518267
32.3009866044 0.8053954841
201.38134277 197.728415178
12.3709632926 179.688003417
65.0242313683 21.1645267008
2.23229067008 203.917759037
204.838044491 203.926110465
68.9479378997 78.2337120354
175.170740897 69.4987517837
154.290252906 148.266537394
77.4621584789 24.0939263221
183.670173372 2.68728433777
175.190257014 68.3430209117
94.8882301482 118.301515124
192.013269296 173.360096616
95.9361282188 202.175846533
151.051115196 100.208984699
0.0706430909214 190.259158704
200.40636853 44.3924159417
177.759579054 1.53663512961
202.233016031 53.7684537681
102.201342125 124.7348103
192.259973592 193.542390441
116.501141794 65.5723477598
133.363798132 107.898246348
50.9292514346 3.14719688838
153.765401061 85.0713864439
170.202548096 3.0923844317
59.6422128854 161.838680374
86.5479361497 96.0640718197
0.0833923561476 167.618868265
151.625234989 122.119473831
149.503913992 205.142275274
109.586798275 5.67357078389
143.988231531 71.4748355313
117.031876717 201.252885235
9.70981901067 99.2319573798
0.0996045021113 48.3604394729
7.15292023022 88.7043018153
7.11993450236 5.65813037507
150.702026536 196.819080148
162.624060797 203.127329864
76.0637554778 76.1867880337
203.439633513 169.852573872
144.809287259 4.52647456694
40.235377876 195.728062572
9.83216823863 1.54220576
205.172357665 171.651553843
172.597921127 186.592622952
157.439965903 105.071629369
114.681314642 136.54769455
62.5049074786 30.0160669382
173.556710073 80.0820140508
163.719928886 0.196763249233
129.873642404 16.9601611049
80.3531340719 40.0791017029
2.15895949644 172.396478782
51.1526036597 201.070342863
17.5544588554 4.17917910472
143.101359492 3.20514503255
108.86887075 202.556213831
188.010838306 197.899217176
24.2099794581 97.1219229703
184.158592825 191.32384039
50.2290184353 170.319697564
185.885854563 112.151318716
0.00203378351748 191.389280326
33.4219539683 205.097527704
147.250026204 6.87725797254
4.29238686478 189.947544302
14.9596999437 21.7739527352
179.797255575 204.830201753
32.3212742096 1.5643074512
136.563099901 128.206680163
155.966460298 21.2440441488
56.784637722 101.780011895
198.312105579 26.0723772363
6.68431770904 68.4700761442
205.003170707 22.2809414185
183.898527499 112.767967776
57.2268380273 2.4936255781
176.229487522 1.62586451117
1.48682056225 93.4674189787
83.2059683652 97.4434028622
99.0151888387 0.655410036956
199.860994458 130.348948162
6.33186053673 52.6385045675
1.31373747356 183.656817731
58.3875246304 126.43817059
1.01739708116 170.029281596
160.176215402 204.730930586
84.616580046 46.081713405
98.7741416546 199.276110785
45.5372776681 121.330395304
160.775938535 198.413466475
23.5494623052 205.116502231
54.3007276165 90.8587772569
8.02746387349 49.6979043379
61.4677337704 73.5971574456
120.713213706 202.795699389
0.47188645604 112.807076177
105.572928593 29.303960808
204.360275438 4.70389954988
118.973048627 50.762024188
25.042368102 7.80452973261
40.1175784402 51.2493162398
28.5355834587 205.088294402
169.611022781 9.67076612996
110.940958621 85.7188590743
171.436706094 195.257275922
150.239411251 113.201618671
66.143013967 27.1212413994
205.042263691 196.177338997
0.00118176606809 84.6188350395
150.813402677 12.3295977644
177.371141296 84.727748283
68.4192666182 101.422783903
76.8879707082 136.638454238
65.2188527019 86.2777170136
185.164049415 12.5740587705
62.0192554983 176.644223988
35.6868159549 197.632277425
35.1862597757 189.322614817
27.4989994872 104.629546304
120.825080079 0.360064061243
34.4083608306 193.661112691
1.43775237513 61.2092389568
0.428052741479 22.7102408754
32.9050205399 202.695249688
22.6064941081 5.03444512884
113.633406111 5.11784829577
154.762677238 37.1981818227
14.67378447 15.1154582012
34.5137397654 188.241685273
23.8710405252 191.467888958
5.33529717784 204.870666239
29.3381213705 203.994414519
204.692768985 69.3738061173
168.572571468 168.935830328
30.8376562778 0.203486769012
9.14360827924 170.496526933
177.058560444 171.660678311
100.196944511 18.6483214335
35.1429135215 26.4790652865
199.738972083 205.135540997
70.5650546917 165.160458145
159.458836893 204.209207565
17.9168036454 116.419996487
60.9473015651 90.9287715681
25.4803418974 197.483299994
9.33475115705 62.5387681823
33.1772157346 192.3409725
189.633511942 2.53896336294
94.1374444639 20.895000312
8.62108243141 185.788634347
12.4812701048 0.554695125196
3.19866772612 197.951655981
114.035766498 67.2638057152
69.7118188819 190.795549612
167.767810119 203.815869599
1.89700344336 21.0103574222
198.335709208 183.571026777
32.9808761719 30.1379309793
172.756989454 202.950434436
81.9442385251 200.917762165
0.00313534719766 0.924049673026
101.499824589 202.070575852
29.9704378473 31.0446053334
189.60751102 4.69658039979
0.969098648062 79.7593849467
36.1335266937 5.92630782605
198.317684554 11.2483599278
10.5969397663 57.2730007902
203.867837225 4.74515371281
123.0700782 182.069195374
183.602339633 3.42045874251
107.126482958 201.832874757
4.76705087818 18.9450694737
78.4916385699 188.775611505
169.863236912 8.74009376375
183.911633027 32.334914928
86.6805713798 131.636432011
205.027011603 15.7293012937
18.4491013481 120.013889043
145.942450889 83.1146853793
183.399253251 4.97167738579
43.4593929204 119.940513025
96.5151445039 5.07054457559
167.214244511 166.217464193
65.8395940198 90.7717416913
203.920370655 45.3327085045
103.78993538 22.9300623438
113.586878376 17.3830813593
83.4794335838 131.477328543
155.392904553 0.526436308314
67.6200134728 46.9572410733
107.641448173 138.832526658
57.7281525128 198.8103313
201.110384145 200.769275606
195.122729495 15.0377642531
47.1155455478 124.584212354
199.275832002 181.988505692
13.8736658051 8.31234098446
162.252645532 64.6433878758
35.2716826504 175.236293084
0.152422439546 204.009703482
186.431010339 62.0663110871
170.722182668 204.29472932
41.0124568634 0.289756049407
0.826517699172 0.131826303648
74.8028061441 181.325460227
25.1449050925 39.8323216609
49.1771812136 147.76889265
8.66899668873 13.977425659
0.32017142632 174.22428611
179.234379207 135.333504071
36.0564255226 0.0306490608068
1.16895902643 172.80242562
158.335538173 204.74799248
185.503538588 36.2061702633
23.6848906145 2.83074886625
61.0241947767 204.309470513
3.87754559633 203.303053725
34.3616481535 13.6229999007
122.513312061 27.8442943442
144.310540247 169.812084887
122.480133818 73.5607809836
109.17588543 187.344519303
194.471502939 7.05029370099
193.047701935 203.783136467
79.0118408647 30.8694640972
112.935263252 0.151165694001
202.323272606 194.725331846
202.746208941 204.56704347
51.1959466561 174.810145817
1.18521522914 30.1737983705
53.4082283294 53.0702873881
39.1211096766 0.617333156966
160.105918318 85.4964051413
86.8906916402 182.933874713
52.888349798 170.040062384
28.4709475026 23.9043796497
181.104677442 13.9388110164
188.922450937 152.933971854
1.07631670706 204.42300021
5.54785370115 180.945789805
11.6451589624 0.196003166011
163.871420428 115.876339447
33.998038681 0.0442675510433
4.60430865664 163.540735065
35.8186261998 9.10928718048
170.528768382 161.854709488
21.9854114873 192.242861657
157.601907972 5.80207136578
49.81501493 45.3967527187
201.289434147 1.06695170154
0.186309674628 84.6623410962
203.076825503 14.4533324729
45.3373030174 67.393456306
201.858087584 7.35327067084
169.94370397 204.350013553
66.0344928215 89.0161244356
107.1323953 0.705643302655
198.931009275 149.903777961
141.193629817 7.34980133175
23.1032856843 147.057027947
14.1534871324 183.615426745
144.401311966 203.069949266
73.8245107776 205.120518147
145.352475452 125.38734644
146.680021601 146.591632598
51.0858273888 0.00688001811568
167.407696846 14.3232204439
110.851781646 4.80395035075
2.33097296288 68.6096609013
178.134251118 53.3899054226
162.204384404 0.0327829446171
68.5728639908 88.3451979595
134.647605355 89.0272831356
1.04058891094 4.33493217598
42.6489603329 83.4328558277
199.00439618 4.90759341256
183.525371672 26.9976165619
28.5355108082 170.751772097
0.0887468932375 94.3695801971
112.855846158 204.706037768
48.6558458218 85.0915432515
44.5188141141 169.670008235
38.3132017272 12.2549670908
135.997201577 2.32821692372
0.021674191581 87.8716601362
39.0791368864 139.544431024
199.365750888 47.0368669923
188.135951705 203.660495909
88.8219383483 109.346874755
124.356303307 198.940990873
118.977758684 0.00502484999815
92.1858328569 172.132345384
180.737923721 13.4008157837
122.919193265 200.660050857
144.363113319 2.97272250945
140.82483741 5.46068044811
0.490022101873 49.4533342719
191.187865801 13.4708971822
203.905507842 204.975310871
117.350827373 32.8434419686
195.938679964 127.913830166
44.1561967607 20.9758855093
186.360775822 68.6900661269
104.352464681 186.32412338
204.943398913 76.2120217428
28.7720904477 23.1654738798
10.6511039973 59.0386953422
191.108092542 1.08503510947
125.687363478 46.5452105262
184.039721152 99.6525579452
128.958986631 160.124819778
203.298856201 5.38826076385
142.811502546 9.41880230772
200.207142331 61.2680039918
156.291713338 70.2127532422
159.09010244 2.13782464237
202.606223673 71.1174999434
179.114846651 194.625345435
192.784274645 0.635708876558
85.6218504141 155.832480323
154.329357879 199.6269332
124.860891795 201.898873568
25.7356741013 41.8505635229
111.203376395 22.0250012239
0.0980488736547 190.905879418
14.1632426488 205.09120717
62.6619478095 35.0195194376
130.67616983 201.144085129
42.1470261777 110.361869621
147.265043696 133.955180421
204.488348249 24.417701931
167.695105762 204.829962561
180.261508365 197.936811629
172.898569925 204.184572768
117.167865158 45.2487661385
3.5982457899 0.92648597729
183.350057964 91.6935932268
154.120131334 200.827861856
25.1875923068 6.77594022171
180.59774797 43.4849472206
54.1820463029 43.4110927139
4.10061004183 19.2367434654
204.454233142 173.329382001
202.599912144 178.794637654
202.068262241 199.554114623
111.288775994 114.17078942
1.4748994753 182.108859902
200.603606672 195.882692036
83.4760691007 204.125602648
80.9158750804 19.513006839
185.265848698 198.349909755
47.0464158355 154.892284698
193.043944481 189.305897339
8.66269777579 3.55364442297
158.74293348 61.2671022343
136.478729603 124.694552412
96.3076450496 135.168970628
78.6742134583 166.67086352
88.1850736891 42.7350946999
30.8157845114 149.340506006
0.511064824503 36.5967189125
99.7778872857 139.200785959
174.580759247 95.386705164
144.168091431 10.7107984022
192.059741175 201.409760979
168.979530865 201.61172477
84.3586914952 55.1585436144
57.9233181983 84.338163794
10.0194023191 53.6733791882
1.75451682863 191.068413988
171.679135428 3.50725615576
10.351639225 28.795052604
187.810161464 55.49972262
39.6948620645 65.0009454026
28.9772152366 3.38325749948
61.4889861894 61.6028645738
110.681794728 4.75324034652
148.957576141 141.128888188
191.588970112 109.136717336
7.8591650391 203.467760479
190.910221708 155.538415404
120.800561387 76.8424148883
157.66778475 0.0185618141483
52.4952896326 31.7513907309
189.438726369 132.869419064
42.7096092891 27.7691196272
137.204012881 67.4359007008
138.255575255 12.910620271
128.013847612 178.642137198
2.04671857615 198.965139423
88.5856857861 5.06109409832
168.601520176 27.83685606
107.108178226 24.2640332915
34.7324406131 199.986612778
0.0886457153373 190.050267425
20.5344656098 5.79484188826
108.523922956 143.510279787
22.167418512 197.735644876
109.924539942 90.8098235215
71.6104129687 11.4426883315
33.4013070786 6.08874132469
6.31006910656 179.422506237
186.993589353 100.801164611
80.080885366 180.540410728
204.689441065 199.021749945
65.550753684 106.094563513
165.520472678 169.466312554
15.1484142994 12.0786491904
14.5300225717 40.2883138105
115.587510592 4.64468318062
194.562861346 97.8235775598
113.882767542 166.974509819
22.9612002095 13.5757348549
95.8923729513 95.0535920409
193.546270523 28.3256111863
149.706518124 10.1079793722
145.5827884 176.211685106
74.9125375621 183.298566349
149.675104303 192.024812584
67.2748642695 131.7021382
21.0108507395 171.53906033
0.120431221762 175.778142146
191.721467712 204.624572239
199.191112307 49.4347242043
158.933895755 194.514189932
202.953301902 186.581420601
43.3917860508 0.0107196443748
65.7385066053 62.516381407
60.1631021622 166.7146958
78.53507301 142.793717808
191.542850429 195.58063984
7.94974028455 102.680981592
7.83368286566 81.1085775532
133.128794055 79.9676893536
182.602100618 199.252046855
3.83649600292 178.378449458
10.050975901 2.06247058103
176.617476146 138.842549093
105.215746314 201.62967529
149.605575313 1.79504096824
111.433476008 8.22103752888
87.001849466 129.158629589
155.907595343 202.090064496
200.190674768 2.88355824492
191.652197527 18.4858218508
43.3835788324 12.3439449524
113.432345278 86.7171386534
125.539248915 88.0346715997
170.545655085 34.397008028
47.5416886841 172.567788076
81.1038937866 26.739941362
205.168149687 69.8210882277
103.162447395 0.702517252968
141.497371176 22.1027437188
3.99458314483 30.8701335327
1.14287482683 187.365234049
87.2370354025 2.02059868385
136.549826922 137.496428428
143.617787404 113.734328959
115.488735304 2.1449932383
86.9379576187 3.32587042046
11.7310482162 176.040366352
17.1289470062 0.632886895592
98.1014137449 143.289750522
20.3310357181 72.0586789744
41.8168136992 6.38514429276
94.9552788421 162.959019564
163.320476512 65.4379163492
136.066796641 187.049077303
88.5439564335 4.45283050362
17.1402613611 85.4324537778
203.926817004 2.8760569949
19.9390620778 0.869825971178
10.9505288283 42.6023375511
47.6140623678 190.060236626
34.5940167937 155.534791492
0.0188125135192 185.760984926
22.6846305298 143.748448285
205.167500904 1.61933726064
19.7915926622 1.78957289394
161.643199867 7.43426376218
177.531475446 162.241019237
68.1636905863 61.199527274
81.0559710167 4.556379664
92.7175239284 10.9338885919
57.1678792242 29.0852499262
180.811126348 45.2134345776
73.9669825117 56.0706718529
100.730585659 204.893184624
94.6789821029 16.8671754233
22.9977312074 148.933696002
184.559724811 204.067487944
149.348402456 85.9177962603
11.7301854063 106.129477759
183.506674501 197.634167814
174.646643686 93.8915478111
132.587738517 176.650570017
73.6307356795 7.43732555579
50.5184054681 137.318025294
202.762550033 187.300575024
204.785720546 24.3522707312
59.3745761316 119.073975532
176.370149163 204.76856067
13.2927820389 5.3874592507
191.315803832 137.446175213
13.0109967519 5.93959609387
108.953492475 193.56683394
84.2322952732 203.021686469
70.4831502571 204.939289296
203.894757458 6.12616697079
102.802733564 91.4606810359
65.3948991065 173.876347211
174.158528876 109.224741243
35.1921083712 34.0375685334
28.7299268491 198.215838714
99.7296144016 0.459988145071
73.0905788813 101.722735596
202.591905291 21.4434650059
0.0554298424397 127.118981151
150.997603735 196.697988022
139.62139471 204.756809991
202.166220849 149.356607742
66.3548805082 4.40093840201
184.96953307 50.7266688016
1.27354959894 87.816722423
0.0573460605006 2.38124604005
166.345360691 88.442549871
4.268516493 13.9068559387
166.980300603 148.053094202
155.265133085 196.63327504
2.83352621662 0.662930299272
0.78359821772 190.576409924
67.3168893203 128.805610296
34.6334786549 53.5100198165
204.520140666 124.429497129
22.3465340259 2.64136025554
0.890031462311 146.39126522
63.3464881059 19.1746247526
203.585622605 178.841020117
204.728941034 20.1577364635
0.0277195126481 158.829989601
12.2955289524 152.796312139
180.837089314 55.1585174213
176.121646132 10.1890226778
8.61058856918 0.108373601448
73.197994529 75.5191080581
72.2589561356 93.9238323052
36.2171082355 67.9193740348
34.3785708235 1.72245800663
30.0911916453 27.7337059509
57.7957524597 167.346843105
81.206864905 196.874337789
48.7759902824 120.941408026
202.951287464 192.266292377
88.581723755 75.8709593766
204.954049807 10.9868156603
34.8106343679 99.5662902214
183.205628916 180.00816941
137.999283635 199.713487442
197.894325176 61.7735850598
71.1543494201 166.602786497
82.8796716631 10.56047304
10.2663980458 0.041919811031
204.019051449 196.367941756
47.1698999259 204.998824213
181.102160518 84.1089018817
9.05062294081 50.4432307484
123.024741292 183.967478075
77.5541368425 70.8421401613
176.003972591 0.519302838771
69.2305618762 147.030688387
178.047797795 200.594827701
65.9417342182 89.1611345339
74.4213167157 185.29546245
5.08740686162 174.135133936
22.0014508749 9.59104786924
63.8766254315 40.2226161877
111.030095076 10.057804114
54.2347349242 102.267367282
53.3195860793 202.271325565
111.680315136 72.9366672755
3.94879883523 64.1961979434
58.32267112 10.260662901
189.7299081 94.9483222853
28.3502888825 203.139260481
11.9203894182 2.56636821477
2.33802452666 63.3930827079
0.985907264177 121.010784086
91.7790047064 93.3071542208
44.7964296242 124.928627822
192.841552296 121.618013227
39.726058592 161.765132218
70.6384720892 3.27668652164
146.896392072 124.827339213
167.600442893 156.470890894
90.9839045485 80.0445241675
124.043515596 196.750437807
175.107242898 193.204544669
111.483438267 169.302362611
204.990510723 19.4131614945
0.842486376281 1.3139112414
114.551763529 91.42289947
56.0150124249 170.00657895
167.055337317 133.533052052
161.199034747 115.909657543
204.110857575 204.553872986
164.770481842 149.31249547
76.0608516634 133.697128736
10.658647787 17.4668570359
26.2646381893 106.270675439
4.0113709663 3.38154516139
141.287374289 200.191929915
201.985492361 43.7809059328
204.298679185 87.250058223
74.442508549 92.0031974279
121.223873392 0.719721636318
183.85457682 0.212377639165
25.738217094 188.029410271
33.3175608465 125.426655098
190.142450772 104.965951279
15.3092258506 112.967415251
0.0900295179889 52.9983195826
200.862605509 107.130695971
198.301638084 202.684480888
14.3561644861 4.13184934658
102.265088491 178.561931973
160.665091615 15.5764885121
55.8004315159 38.8458032679
167.975369383 150.532978908
203.025684305 7.015528241
21.2198184499 197.649779583
200.645786984 192.474455743
3.18672961983 69.154237139
200.911325182 192.776515131
2.25680171195 55.7035531704
193.434648522 16.4803961613
0.930213765017 79.5934657794
115.87678901 201.50362835
63.0806659709 191.03718415
26.255687017 203.937372036
36.3896258992 0.0755925069806
39.6991199413 151.477159305
75.3194599351 146.085989661
91.3192275793 54.0251193781
22.5002380874 201.482523382
180.094827945 136.263187143
151.161640812 7.40283115307
6.60104051823 141.131217916
203.932006544 11.7143441849
53.6754684383 32.8560070817
