152.314756693 107.093450313
145.022170375 81.2571075784
157.988220942 157.586167072
84.2311153547 80.6076531085
106.66335839 138.969859249
124.185851057 83.957076442
130.196099529 155.071452414
109.431568338 108.854236848
114.737668465 145.348250878
157.988872489 114.970712631
121.97990233 82.3687607791
148.963426294 120.620495592
151.939795562 100.730044339
87.0274169707 90.6845523247
156.588991359 155.377445872
152.295100272 95.7996771505
143.366405162 82.7709428413
98.3943365866 137.312724501
157.088183177 133.142407625
152.079241786 149.687368897
108.916707305 92.5021416976
116.264266495 134.565291083
156.604895339 85.7923860444
130.409761703 103.394134284
127.840920734 108.66394164
155.291412179 80.1362227556
156.656081743 115.452940659
113.01944446 156.782400586
152.728445679 79.5679916411
142.669941667 84.324478307
