91.8003091951 85.110001447
153.726714559 116.549750068
79.3793858163 119.968570117
87.4370105084 157.387408492
157.816790572 127.21115154
79.1784737754 86.469666038
122.51481907 79.2967790906
158.003820726 143.584390453
143.148206765 133.996954207
145.225780959 153.815787966
144.925176203 79.0331780576
153.126281764 154.978588647
97.780530393 150.282678369
105.198073258 134.571086367
156.922083858 109.480270658
79.0452748917 149.351986725
87.0226850715 95.0559394294
79.7004892773 100.806744429
150.652460464 99.8875992509
85.479717636 135.030945963
85.3595647309 99.6340878833
93.6666275735 101.052670411
102.721346022 138.838581313
145.097111229 85.2643433021
79.6510172403 156.075328285
83.6068832516 121.802506124
79.0400977645 142.521959229
116.629509675 91.6300338186
102.241450053 92.0961300137
112.516112566 79.2603585761
145.515988366 79.9277501531
92.8607170897 144.26933808
138.112527624 152.496179314
83.2350022251 107.306000268
136.137981626 87.6136590975
116.815414124 81.0856908956
79.5488186846 138.02222298
127.222629121 84.1561696493
82.9227226036 157.991055369
123.327204837 147.015140609
85.289805265 125.885812653
157.855071357 129.74851449
143.95844191 100.892683765
80.1707603696 95.1290457997
133.166516797 148.813204115
157.830350682 140.767105046
145.819408405 146.243438843
156.157130663 85.8415863156
94.713417205 86.3650477985
106.837098527 88.5003848962
80.8357397161 100.308666806
82.476461745 109.825815203
133.971185729 89.5456557705
141.439805718 151.380378024
153.702910445 79.4936959389
82.5059174273 110.416370954
87.0509499058 81.9466963858
133.023405343 141.349741467
155.443877648 128.858562621
155.636196448 97.1220561112
80.4223104405 153.248631551
86.2178146581 149.110917842
79.4584041658 134.617581928
79.0566700941 151.184167985
87.4200756971 79.5655467146
101.22585235 80.2605504386
101.308024707 84.5761767202
83.0052845414 143.192860324
150.879368872 156.997047793
152.516819118 150.926640026
