44.2853098403 118.495695367
162.507207679 54.9330209692
131.473529809 185.319351206
87.7902418506 134.141702388
135.499831249 168.142545071
86.4447292607 94.5286909045
128.963537171 136.98488581
95.4215759487 21.3516066581
100.385418588 8.08379247033
192.048362153 85.8573603211
35.8635488445 103.256269598
101.170423379 42.6321271578
70.41725793 163.736848858
33.4048097238 100.539231689
12.7990892589 136.013787945
37.0455941768 107.908163135
68.7083738777 113.628529002
35.8373657258 100.874911954
69.255391137 7.46751377778
10.6152582778 72.0892075592
185.440962883 154.387831328
118.223274594 49.9983410739
156.073034036 140.35758354
69.9782684941 179.669805221
52.5264202602 61.2300294475
174.905387976 89.7506704126
182.465454377 126.551325106
69.7693284717 63.6039929588
70.1736529746 194.835140012
87.7100984871 69.8766129258
95.7987174976 160.787898581
132.588685166 103.595209388
49.0106319433 86.3914313593
29.5224395056 89.3429176552
88.3259114081 69.0864200932
45.2956844103 87.5013600764
53.7704151369 162.519123665
115.653193915 101.106646774
191.534141138 99.1465047696
92.1900011315 156.60875247
98.6174094314 40.4438372518
125.172786143 3.23105803412
16.368828604 82.8047122327
5.91862400407 133.471975873
118.429888698 145.934371361
166.819486765 103.473707746
191.389485631 119.545962059
75.4786879535 104.139742618
39.5931784276 122.914865713
28.1678528099 167.076758825
187.17132071 65.8771517265
168.605322443 99.4224602355
77.50088555 79.3952552204
42.3397214775 84.5119871467
143.390463275 111.183633934
56.4129923914 108.151191998
184.24220153 159.527104735
192.98348679 136.050910438
99.5997371795 167.541856582
24.3078884247 62.054296955
47.5190309409 52.2667198695
11.3119763449 75.5693977262
51.3481244803 66.8792438388
143.577781789 173.778552529
90.0709169892 29.2219567283
118.635276469 126.849873865
65.0593533059 129.327858681
113.63294891 184.600615781
62.0196001183 111.919018001
185.292743294 110.009527825
28.9298440781 87.4662897071
182.09530992 81.4008263777
134.120607622 58.1079391987
100.573750499 22.3351712055
144.849069366 143.759470625
97.0451608769 119.439338514
61.4523408794 83.7096657885
55.6068944295 191.384720909
31.2090300715 120.11163164
89.4755800823 130.004520182
110.80865537 157.298134718
53.134571864 66.4074563206
114.541256918 119.045482573
125.706753349 13.3948226208
138.715777469 51.9445151759
134.205240417 152.233785453
130.353319585 131.880178934
11.9390105369 121.227475162
46.710354211 35.9132945765
104.357283217 188.920072173
176.029009129 72.4166030366
20.7172781557 161.002053864
149.179914365 192.506061233
178.019905109 132.192329541
165.996682502 102.563194056
69.587705973 11.3181972577
107.243455926 167.274557756
203.308308703 91.0177395781
31.1634840349 73.4769356934
199.839049481 96.9276140274
103.642502011 23.1813974171
68.2884684733 172.265158407
184.580017223 64.5776530662
117.184439643 5.02451430998
145.825244327 141.324898792
81.7544487193 111.964483877
63.0836944739 185.14655569
197.533653334 114.35702604
189.16095212 148.506819932
131.969978862 109.263680747
94.2736815652 169.27453441
35.565618812 170.196763023
42.3842164755 97.2284576717
53.6932553521 84.047182149
131.820103207 6.87311154138
17.3532573469 65.4360082664
44.163141693 181.388503575
195.176217008 115.396374409
130.760616564 66.3209360822
185.573935305 107.604142453
45.9313100004 168.832176385
148.61001195 114.3423727
54.288394059 72.0842722718
101.83980503 52.9113653586
32.5696908127 54.3963761093
16.1250424 137.852718984
111.652751452 31.9303701717
116.45086652 97.1247106498
33.7841802906 168.54467075
188.316247124 83.0714230205
103.522331815 13.6902784445
39.5807306174 25.0853484697
96.236031805 95.3171071874
101.607521033 80.5029897979
87.1145530067 111.265982913
160.003309226 103.148436008
165.286410208 101.820103126
174.623629174 129.59042929
97.5108277202 16.3988494756
159.398375483 132.052607443
34.0400723205 136.316242015
151.278515256 55.8516383839
50.5121517605 136.0522971
64.9316614765 50.8401693007
167.773971797 43.0511683084
137.372073102 33.4346559004
2.88470056552 119.535071077
35.6027084458 153.448951024
28.3210803852 40.7098286309
110.182665582 126.148886596
184.772462109 80.4341789145
125.88868228 124.213609622
32.4844633999 126.3198338
92.0517754124 171.100050358
155.684639341 94.6078828961
63.4995220938 16.6297475609
150.596182184 102.91125166
115.905998669 10.7040075005
96.9284280957 36.9714679619
185.386938616 106.732276842
5.08603373662 116.506825613
36.8856367777 32.423834439
100.153124813 183.809951232
64.8884068816 69.7844723172
63.6635729856 165.007300124
119.801726669 124.71871766
66.2311810321 108.753480158
55.5977848872 95.6933898114
146.590646417 104.218293482
195.935983831 133.022465255
98.5733113512 149.297806913
90.8122350317 21.5618400254
53.1961368311 141.671595628
161.38333734 105.066996795
140.130869196 38.1674370668
146.168082257 36.4831084923
110.456551531 128.081312087
139.366140938 20.5272810198
61.7933494566 18.448708376
69.3372862936 190.659157212
111.844364799 154.261621997
57.3392517143 74.252519339
150.057079307 159.093607463
57.5216535549 30.1634703855
132.766139916 121.438585006
116.015755405 63.5157475684
148.242313142 66.3100763624
26.4455386325 103.301827399
123.075789868 113.445775224
79.7396048339 74.4825295927
110.773064195 57.7199894058
48.8402376341 183.120367283
146.182258454 45.6576374552
108.442618552 125.276813068
51.6579491982 88.3316690532
23.0499473683 134.331410358
139.401791999 44.1452226612
129.846073605 10.0889741337
148.941839197 51.5086753067
71.376574507 66.5763000979
76.1336430293 174.321294897
16.6514889867 83.3433918403
164.771413435 141.945961173
24.8346835858 51.6082597056
131.990467992 85.4154158682
101.82143894 25.2828770408
143.264841272 86.7770665526
121.469148686 112.141712762
22.1692721164 157.676468482
164.272527046 182.507832614
107.017490845 108.020096667
119.729337389 37.700391406
151.310750229 41.297685422
67.1456109869 154.295040878
195.653616459 116.295052279
135.845832445 94.894247806
81.3136677675 105.375922115
137.495189689 176.049752437
187.560181434 72.8961049189
22.1835702614 108.651444884
20.4031984321 43.850299268
19.6083870012 121.891013951
160.794725938 160.990914964
108.553276911 154.711142648
129.306804645 96.0547899628
23.5714053835 60.3646643863
33.5559667174 68.8682538046
156.201810993 115.552728079
105.164213769 204.767695838
175.342548743 58.6994600838
75.6010425371 157.956942775
37.9287681549 63.2327682206
170.875408186 126.890585579
92.6720415254 16.8380239294
160.909596205 38.6753180986
77.5557954889 136.827814541
13.6827290351 89.8732310383
23.8405290713 98.1910556211
88.0221725765 146.901176652
107.73545619 47.0099910908
47.0904736096 47.8879030987
14.2630702424 134.304952676
79.409490866 105.646871026
167.706374745 38.7333068714
131.998885967 131.577758001
62.1429082924 69.766487857
139.640861353 77.0084258871
104.915441767 55.8143909918
60.5194469039 28.3762850984
186.235810463 103.074351348
76.8414276145 33.0357856782
4.68160706219 129.500944319
169.44484207 140.55526548
54.010940885 176.231338915
121.26166116 138.076846536
166.160286315 89.5475286432
143.473900627 193.594288238
99.3247190943 79.2558817052
62.5134890278 104.995079399
133.331733935 95.3523933647
150.641136953 80.4640572167
113.790846358 58.5649144489
187.625900557 67.7418983655
83.0698554214 154.329784846
142.399970684 53.3366256398
60.0832538987 148.897667595
79.1359704251 69.6784504418
135.947974835 166.768420254
102.589898015 138.934271923
31.7364082164 79.1944941944
127.853839551 143.636845205
118.080217342 151.524326989
170.216473179 174.883566977
74.214927263 183.30937583
118.104258536 147.839826469
73.5587256458 182.185362943
118.087146277 24.5521731882
107.72575874 164.904137538
119.036977263 86.1431401841
142.147088531 32.822767449
64.9406979347 182.993717271
162.478972249 159.202264776
96.931191665 66.7182860434
60.9163591618 146.542762288
1.98556367069 109.491301574
170.939673572 110.040232193
146.147564847 62.7119990849
92.2663508141 4.45821164817
107.242119766 58.96179389
81.6518488244 57.9077803104
111.908180172 178.800697519
189.989040195 58.6615295183
64.1171440703 59.4377014739
53.8415653364 111.218231161
70.1043369969 157.557869798
103.468610773 87.9946801486
58.4046667062 64.8944640671
159.377966185 109.716636067
68.6129186588 144.877215306
152.840209855 142.808807851
76.7724302261 146.464655625
25.6317001605 127.527343601
141.250595009 153.145333038
1.92092067828 89.729890668
49.1334895421 151.040650629
121.856997598 137.627838504
109.277110709 191.472287318
25.5019082995 70.5724368688
47.2253308345 119.872333493
54.4986911174 140.127768901
146.599088086 175.728515457
159.786983948 59.6879225311
95.6825717763 78.9656092791
47.9446853636 50.1995115545
86.8602397751 186.630546396
97.653251098 144.889525079
99.5354435328 83.6751678768
134.278554117 42.0694021241
82.84674903 47.2216471577
125.009771473 195.319070105
166.014143914 162.509063711
155.313658326 156.875150373
117.098994671 145.920070359
106.638520269 25.8591861484
103.795629813 202.096240698
173.831589593 149.765977409
77.6420539056 124.065579316
46.0936819098 50.4040305631
161.015951822 72.7791094815
137.567319658 33.3362129648
107.945420018 187.539099937
185.291268812 136.720262544
98.3916448657 15.9951619556
101.235003419 123.861676606
34.236978439 143.066536066
110.010624837 189.666145495
36.1261854409 78.2930591867
32.8288603559 35.5661502735
146.58402264 82.7637540152
142.835826481 111.469135953
93.6367690239 73.300116342
42.8838585513 160.531007342
110.88596491 203.956839904
114.925923395 67.7930286616
116.645198191 184.897473546
36.2078105125 171.158400091
107.315377297 42.7085524912
193.024980723 125.314301797
128.523585258 165.228412114
46.342488432 109.002256864
86.4318207472 187.898176467
156.857505298 49.8720394352
120.98523809 161.202689546
132.342610888 81.436703128
94.413206383 171.683189178
153.569061981 142.902328351
149.839052247 175.973213865
55.9534948453 114.649049996
107.719107664 24.2108068155
81.9657854917 92.4604575289
90.3891144261 8.5374095394
89.2412541311 106.679819993
35.2398143844 27.1693145021
82.1635484878 166.337798905
58.5328932047 99.240803886
33.919684066 66.633687701
93.6047035985 163.018261087
167.121552274 130.583155293
83.6920871518 110.60453305
115.946072058 148.873117946
67.8249761983 38.9687772522
125.277786746 141.359349589
127.970466058 149.823860984
21.2202675797 73.701595018
178.544546068 104.140270777
156.765482382 146.853515505
49.7844969441 149.420722975
65.4060440108 190.980124976
46.0086983767 149.008757454
150.419432632 79.6481395989
118.044696378 80.1181353863
81.4686671678 22.9228208016
28.2110239221 109.669782274
85.8296022802 199.494297995
68.6359270653 7.53889327813
174.747354063 98.5859620539
114.903960224 176.775523399
84.4159980322 2.24917475022
122.678367456 92.5420152845
100.417329708 64.6088667567
130.206307782 54.0152901668
48.3246965632 39.6273802791
115.589709051 124.213554759
163.689300999 105.380857348
90.5862793538 124.026725923
79.7980585725 141.242699712
86.7587178677 49.224472936
127.828791492 91.5205446445
151.16098096 81.7481500619
202.455842301 87.9222335598
143.683710015 58.357374408
27.2597086881 36.0549246668
177.411191226 89.6273184697
61.0847283607 107.914630578
106.957346355 97.6910206453
39.6782084164 59.2886095566
100.813934398 130.701609707
154.22204783 63.8411687442
96.1767955618 178.607544058
150.300258718 107.888707506
95.6643832585 4.61094299872
113.769463535 86.3584923593
10.5718590178 106.242403067
15.5131301233 142.957998551
157.55440144 100.279666445
101.568747577 123.821665554
156.023158305 75.4409927642
187.300080144 95.5772913434
29.3524033808 81.7655369204
50.0310140557 93.4963720051
188.656228334 132.835315215
29.6994986069 54.9059917976
30.1054674772 57.1377166298
150.673717924 61.7395327405
70.5597190999 192.469496855
89.1247039041 113.815149623
137.571818659 8.49305286203
111.055303398 33.2148979695
5.82313688832 80.4072706052
139.720109102 187.036038459
142.357691662 85.5437382041
167.420092652 111.106530417
83.4377802754 78.9915673341
126.126570408 78.4560815544
162.036080248 54.9590126058
13.3475394073 78.2853780283
62.9147602098 112.633886037
141.019584818 67.163401307
98.9487968969 85.3525359528
38.1421511715 76.5839146008
29.0563809888 86.336169109
21.4964809609 149.320575137
175.186642827 97.9617823893
33.4101114132 61.2108814422
69.5407936772 183.986267246
93.4967780908 79.7971514725
165.718287708 62.1895978716
116.770030762 79.9386534732
172.187812435 56.1071458449
158.980748605 23.2126779031
133.871917794 66.4721719769
66.1825791395 98.2689446055
80.8195689431 90.9414374055
118.200780342 94.4868951784
178.065548163 88.7479485046
146.823355929 74.6386307715
27.3887461409 81.6550499774
186.401382588 104.630583944
180.25898809 67.5599891855
152.476737424 178.323880345
35.1089058451 133.52054835
13.3075399202 69.8640630851
35.173307006 42.1074811868
104.922334506 62.4547541335
41.4656069362 169.937331031
92.7077390533 193.662345863
98.0056822494 178.186250376
159.387118466 106.250542954
174.343858383 160.675423914
129.312494639 175.880711401
203.73722471 112.411288613
158.456637782 58.177607842
136.878865847 25.6635532719
119.707646342 164.891119314
188.68890851 144.858904845
30.8054800762 162.322264481
181.363999429 89.2745292724
165.763712541 130.344674956
103.741790307 151.953075718
133.710145234 83.9647914944
163.051798823 152.368067417
150.125161877 149.208514339
133.551032482 53.9379587306
102.106497708 96.3025867281
146.537376917 21.883300831
140.298471435 136.094317308
83.2793865444 33.427914969
144.738040289 166.387179202
92.7400590445 121.21700864
91.7916917115 118.589643226
156.925784347 46.1990863717
94.3327462713 97.6476930491
106.021554629 166.255334262
100.041288696 93.7741671436
88.3092570676 7.91883253024
33.6093245648 76.0998069927
13.5655877875 79.5745513613
97.6991937962 25.1963460195
151.774432622 149.79237531
122.172714714 128.961932578
107.215558323 68.6316468957
110.850055318 159.349961223
138.79262997 51.9044845262
86.6976300942 131.049276193
171.18298111 117.919280206
184.092301668 94.9012516817
193.778545674 143.157651579
111.053154331 145.142005269
45.7667244761 95.0778442741
56.3958717162 193.316598046
55.5775792494 189.38280088
72.6013253945 27.8949676981
172.947673333 147.8622469
69.419581702 137.581396027
17.7519992774 71.3698596129
146.432861543 30.7291053041
120.476840917 106.664330412
133.060715637 121.89588831
116.165816034 180.527735326
85.5549209602 36.4297093755
59.9261251929 104.739251838
51.6893113531 109.452473305
39.5598451582 81.5454142233
135.252109224 44.5626255109
112.092010221 149.667443397
62.9204906935 25.4284849712
26.0109091729 113.676192761
109.036752035 139.374467386
106.259722699 91.8121223921
142.052537106 96.1933649732
76.1013635117 28.7669310786
80.283544499 31.6872893215
71.006842436 174.753331547
82.423706707 11.0619224833
38.7600176574 124.337914011
128.505316774 78.9758705573
132.74686303 49.6016519733
87.6178971425 29.613943417
167.267820896 126.958669765
117.436283213 169.419023577
1.61164365831 90.7337126677
101.153204871 58.455199816
164.526984794 99.2822858057
122.120168564 146.965345029
198.209159355 119.714684563
38.1229854647 87.5686187168
100.326467407 65.8166850872
95.5563169007 36.798174505
149.93663458 149.238899666
91.2439646329 182.528460214
130.140526115 127.502467914
117.476227781 171.487865912
49.6074348214 68.1789930027
155.16745636 118.713306985
71.5394667495 106.109509862
116.709044152 65.8071446987
25.016010712 132.030747131
21.4842153299 110.232253342
28.3404378548 55.706237382
182.826120906 54.6948312906
197.692637444 129.226137842
44.6010802083 41.0608637137
143.009597633 70.8419940769
154.827337304 49.837407701
143.455203488 92.8889170842
161.988178154 20.0514132618
110.886668359 110.692909205
4.48841860564 126.823607378
66.910254511 140.18825506
151.700787323 59.3370951122
170.546950783 174.134532343
116.383565821 54.8261711991
152.288097734 49.9419108453
44.7225330081 97.4915375459
61.3927140645 191.670801501
191.391223896 94.6620906873
4.06803900261 103.448129769
167.729368882 55.6070034257
71.2159041823 173.397938304
154.633114368 99.801206039
163.045789516 144.977987415
107.724347137 3.20150829655
33.709709474 116.352302359
109.246983768 86.8910513103
127.115628931 24.1158403839
155.344972563 24.4981495451
173.991256508 48.4981920385
35.1673515232 173.967746287
163.419144066 127.636818216
57.8366599911 59.7146899711
57.5982958004 194.678219302
49.4564433808 87.8595601624
176.864839729 172.607470553
27.4582929739 91.6753772203
139.465480707 39.1621919572
90.6333154511 204.062154545
6.19282302943 104.196112261
65.7805491544 184.851603594
150.079952292 22.9504911968
94.4635266296 115.885677946
61.2896912034 48.9671547566
157.185085751 105.543320712
98.6837712181 18.5719428017
127.246377104 189.429445642
8.68544721354 86.4776832427
174.56056803 116.38493495
124.75211265 36.3987453204
161.094585384 26.9838063412
77.2803967291 33.3326652925
42.7746091329 70.7089559653
66.9304115768 139.725230383
46.6025440492 79.7401254149
90.65932371 150.421506189
60.2440836138 188.570978084
102.880790447 53.7470301691
119.711842568 51.4557053179
140.851261764 67.0095161443
192.701998563 65.5360113757
82.5134688698 49.538240369
39.9626183054 120.660237968
131.118961929 58.2456826674
127.392244135 130.969743838
79.1687094157 156.835225688
169.115583151 50.7624961547
55.7049814199 40.492607263
89.6223388227 7.17432447919
46.6851478975 85.3379395577
174.24958049 30.7048113546
169.674783103 157.724629513
59.7902568047 71.4246281705
157.561747693 185.922895941
166.483583712 141.928187335
191.931303584 88.6310895718
187.695671663 101.315026226
90.4670904249 124.970990305
39.4709068594 178.065772202
189.175507711 61.3529440849
84.6590574796 135.381086969
124.926641591 157.996042468
153.179538645 174.295343121
41.141704979 143.480476641
143.631729572 102.857551371
130.8745699 72.2153449368
115.948738979 182.570670889
191.365802543 67.6206683124
22.2839810859 58.9439071756
117.809879494 159.833687571
62.9679790825 165.638130591
73.3720202089 66.9895770985
152.892045974 22.9343343556
132.73500661 150.858099375
25.9810005621 56.851087068
139.766350025 47.7129897395
81.8863223156 191.958381827
84.7126132312 163.697330853
72.7263313915 136.54701539
122.682428098 164.867921628
182.842325824 92.2909878543
111.6506335 81.9265258881
95.4241021505 97.5229605576
175.920646342 172.889762543
150.002340774 82.9013213129
105.208964166 63.6625287177
9.98061922188 109.59044666
123.176316448 8.36887332965
162.45516866 184.751781432
113.037586147 175.866367725
126.754699992 110.980015786
55.5572933871 97.1524530955
66.7357126327 148.073661647
165.099678765 135.584584863
50.7475123023 110.278942821
20.7668922313 132.294651271
159.564669946 89.282962901
155.435388735 63.8341034087
102.778877512 10.4975423303
90.8645291591 60.1009098422
187.055449657 120.968846995
161.177566177 157.672217784
93.5161659104 201.357391696
23.1281937442 39.1236957112
186.963159934 153.585451431
140.865061098 10.4366302658
129.302332964 200.920865512
100.929618098 58.9819593888
143.909857475 189.543265066
30.1074133942 44.5836086184
176.914905584 87.4358040322
63.4798594943 130.560357824
7.73297152341 83.9002057246
127.213710456 84.3499364071
110.467097201 54.1377394811
103.237391857 48.5268924667
114.902078878 7.53752837612
142.834368685 26.1238566581
148.8917673 38.6644778714
149.528885755 38.0902316346
67.5593355674 108.009651951
68.5523269786 67.4663446695
97.8525662805 128.884486223
23.1380971752 87.3417438806
198.504577353 91.2968103367
187.126974818 138.544861397
124.510162626 99.73084608
22.2753506263 146.732457624
65.4715587923 161.477483234
161.456781461 43.9385908781
130.231853007 146.821130008
72.2466221166 144.760633157
20.3711673948 57.5202485991
7.05811924604 66.2884539363
171.286715038 139.260344212
98.8396657714 33.7369219675
148.392543557 158.70696555
51.0642606827 66.1037498971
175.215205591 125.145139398
61.650042437 72.3512944086
11.5056371836 76.5029677586
126.331141872 71.6068279067
84.7066116436 153.345753946
29.7082634948 158.512174269
175.782134513 42.2932256748
39.7323260917 181.685775991
180.831187427 96.9538128817
158.211301021 26.9417665386
163.451669873 139.096008908
81.5612885663 37.1362907565
40.0153143375 160.107594878
191.826241361 135.526525258
64.0020730505 10.4231520332
140.000613555 44.6505633796
75.386266553 12.2128671484
40.6340823445 147.912254649
10.0361489484 141.29771909
130.058889395 157.774589545
39.8258294666 166.679291523
68.0635280457 76.5417926712
119.74058714 157.712929763
155.398550309 163.4637894
72.0374888677 84.7677355059
52.3119376524 183.698660077
86.6655448564 8.9027171316
181.811826716 61.730405303
74.6650789401 36.9330201871
171.903212211 88.2131100774
21.7014418169 80.741488802
82.153943332 47.4036835938
176.184348921 88.8993004853
47.5550565929 132.968117667
183.217360083 122.248754153
105.842447235 110.682315978
115.447573279 25.7033739547
38.2413955801 70.3845062403
81.9836797428 111.372106913
153.804186953 26.6245231385
106.856320848 117.2933576
65.2251626293 22.0546524386
150.702582511 63.4353132114
9.53190935079 127.898746716
84.2655688056 99.2626761838
129.085418015 24.6110433313
122.946982889 65.8102528504
175.318659382 56.7932036469
180.98129757 123.811487718
155.398937756 49.7202697807
34.9068685531 133.856043037
107.436997075 150.810828915
101.594023274 104.671980293
182.689539198 56.0028150323
86.2266819638 79.5719525984
65.1490832823 16.9639039057
92.2687719707 172.077925864
154.724672964 34.269418316
179.258009231 102.16847378
51.9557569744 140.704464367
87.628738817 32.9796803189
161.064422478 28.9134860032
59.6585895725 143.703042879
93.5420075814 148.362727228
71.8881486161 180.200584703
63.822940225 63.9415796171
56.0293063507 57.0363364292
107.270311189 108.324339181
116.61486148 9.90119517666
111.440646717 185.629999229
192.696936956 126.733774783
45.1561388939 41.6854681177
141.334777877 147.225339873
91.9510277877 47.1558726633
85.4739471935 165.737553869
106.001612406 171.135022441
146.020527026 10.2070832086
67.7944442359 53.8392959758
21.9759501492 164.87915139
82.5970190839 174.389462181
61.2691660031 115.555286281
128.888538803 114.037703594
203.818972144 92.7624782185
199.176075637 133.538606138
115.080302316 166.822275329
85.7205607148 97.9476436086
7.92757843196 65.8875469964
171.819293818 32.6900838804
175.18527405 123.225212978
180.586016889 46.4244536789
73.5879594336 102.474413771
41.7238963476 72.7038874674
189.588643653 51.9185754038
80.3466400949 84.9462787538
107.521699426 204.363830243
191.37706503 118.01685548
29.3479756053 138.585731704
144.463021381 69.1282140892
90.53326255 86.3436341787
155.805774711 18.3293139212
131.835628823 24.6321089577
118.396131292 113.864624772
198.788404857 73.1216799777
130.391358824 113.093363662
36.3295534086 81.21303586
116.609047557 12.9699247158
148.607297087 125.669243886
97.655773291 111.618921193
170.088842785 173.704146892
124.697035738 23.0321574957
127.190200463 124.891283235
95.3833774209 98.7239360522
172.10425794 100.045536293
84.1031148524 16.1291549683
144.550929796 27.1704997612
173.95170479 83.4855530103
82.3623865446 44.4524333032
145.643736283 18.8366623621
161.501926824 183.829385963
100.210031023 117.726219645
129.273696818 63.8629748414
131.305207913 108.594329595
192.040947123 81.8249025055
169.797560917 68.6246676964
121.613572797 79.5449251337
59.3594598268 115.258492672
49.1813896899 52.0005491969
44.390472629 36.7402091709
156.300751215 49.0700998097
132.390195361 39.6004922098
88.5852491662 121.682220444
78.0991819732 17.024056585
70.5561646107 153.028393666
43.9054761738 159.366502891
127.098115662 87.9316185606
142.681251617 30.4917135088
79.977003799 98.6242966883
21.1316377023 117.692947128
61.3025941686 53.2556168137
188.803163581 126.521550238
130.466762325 196.957831338
106.080403575 77.3949555408
17.1235272566 69.4154409463
72.6451242188 168.720268429
106.323317984 112.021223038
170.227879176 76.8686555312
71.4537279242 66.2397746316
128.181036392 40.6027602685
65.0782881744 22.5595936676
44.2506851036 78.6798357969
139.016658477 60.6215573733
115.40406753 166.313787627
144.023732179 78.9741633561
99.5567087057 187.674013884
48.4360697028 114.973978257
123.748283935 8.61784743714
123.947173152 160.701757185
74.7520946281 131.531717566
26.7369786901 161.875848546
59.567098631 190.405497111
142.242318097 185.57033043
49.1027393763 175.581853433
90.1537563212 190.100901498
42.521725477 36.7880251314
39.2272501324 107.907296263
164.06822443 87.3441084772
194.073401859 110.433629187
79.5650634924 102.553712917
103.405611571 158.268016977
26.2716487141 157.803110071
31.6172659019 71.8055139216
97.6828052907 142.310038164
157.949255294 109.198162428
40.8188243546 153.67513733
16.7285435743 67.7311067044
178.838187604 114.463481841
67.7778179724 77.057660619
125.820258275 134.361926449
42.4703262989 131.837791205
87.701700266 30.4106272232
172.87838975 69.6266416884
193.037697328 72.2104369299
27.3853629763 69.7021351285
73.8983461714 155.382618021
150.965159609 63.7671156759
203.648933028 94.0569973194
68.2259018647 117.266535885
1.12523394157 104.57330238
152.565394086 95.4428920507
58.0969707163 174.504487335
102.334643846 197.218889838
65.5976988004 56.0836967251
45.0310494847 59.4768958386
159.709596554 158.430857126
114.014171858 3.24291750793
157.913143915 128.496499246
64.0940399769 197.650516529
20.2723463856 112.542930083
40.701299281 38.3156873259
68.7324386326 161.904177325
107.951185965 203.701309443
130.271163157 159.536297953
159.359277022 113.963131743
82.2578621162 3.48949696197
150.016531807 149.60743467
115.226564548 123.339708995
148.256482813 190.678189331
68.5254880117 119.027224175
110.150116683 171.310944995
174.730972812 65.6323942794
54.0907364689 118.57138181
138.313298705 183.307579564
112.069622671 120.45897152
194.061022666 74.2030792235
58.8746994274 162.442753239
41.1478082044 22.0095840344
134.058182366 67.3020745062
112.39700283 166.670848063
46.7315999637 155.54979847
139.340188949 76.7384423569
106.456287598 69.676930086
84.8426177805 21.4331818945
21.467703389 75.5536904763
124.460334332 145.671730114
127.937418774 18.8357456689
113.648913858 193.986233462
130.786999071 72.7324079329
25.3151495951 71.9336762971
62.5792580242 135.678861216
112.836052261 158.678127314
147.978408921 69.0029006998
163.791926045 37.1238160564
145.630101313 187.223771165
140.840019429 24.5035198361
34.8808987713 177.645039181
160.798644401 100.327929978
53.281904567 27.1402501245
125.310542509 143.013633688
130.841847303 120.950275252
178.540115789 143.288222611
112.605412772 69.647375253
141.417218872 180.911122443
56.0681240054 149.553061369
49.9998353467 129.663863721
150.307971693 51.0840902205
101.070400205 110.996941713
72.9003091128 72.8226784753
71.7135936521 30.1353148709
16.5488307907 49.262373723
182.811722577 42.5575637055
29.8169053585 33.8740117079
55.9063622181 112.959599755
133.339244677 96.2336803112
84.4395341724 102.567336453
29.8498777421 121.988891799
45.0938189619 175.284985963
46.3932100351 114.66583254
130.290406218 48.1695264005
48.2800994258 143.285632703
101.981890476 201.841367255
173.115983785 70.1713056777
74.7257221956 79.9591717597
118.709907322 145.903060515
148.751859499 190.896668726
26.5922182154 159.900428239
191.55933835 145.414077823
43.1319566441 118.075999247
111.345511363 17.5843086698
70.0591611018 114.528376926
104.708284367 66.3341270596
75.2693893406 166.47605439
99.514659657 194.169008008
100.575409577 53.5429228776
33.6869556998 31.5031331442
69.0622911576 106.995303076
41.109826315 116.11420049
165.650334633 107.14343922
58.5807607016 72.3567877002
139.475325982 58.831826591
112.555636912 140.075397547
122.917836052 112.161752096
40.305054546 108.138988992
168.218416609 81.5335819426
170.037188377 36.2350028296
2.02649726157 105.587762468
